data	data	349436	280368	598876	808924	245096	321456	259972	239004	159604	209384	248824	257564	462876	304100	332260	160052	117044	116772	312744	315568	84848	137100	400712	430880	126068	195472	127568	230456	342424	187136	242204	247812	182780	217696	460380	503088	391636	617624	214404	285792	98440	394316	588352	533812	292880	429892	420332	493532	373172	374040	271804	178340	140444	76016	363896	518580	273948	235848	290032	270340	143008	107212	70520	135264	90316	107176	724768	687836	267020	71292	203876	506392	598184	754012	141928	205856	675640	743712	43084	21960	153416	198368	163420	187452	300988	290468	90436	281308	276436	231628	851844	725236	720644	797792	326312	237932	482340	216996	554616	603648	613612	368484	709768	727708	355916	339988	138764	303780	209160	186316	294048	485112	1.01754e+06	329168	182032	108376	
data	data	sub-C016_preop3T_AAL_2001	sub-C016_preop3T_AAL_2002	sub-C016_preop3T_AAL_2101	sub-C016_preop3T_AAL_2102	sub-C016_preop3T_AAL_2111	sub-C016_preop3T_AAL_2112	sub-C016_preop3T_AAL_2201	sub-C016_preop3T_AAL_2202	sub-C016_preop3T_AAL_2211	sub-C016_preop3T_AAL_2212	sub-C016_preop3T_AAL_2301	sub-C016_preop3T_AAL_2302	sub-C016_preop3T_AAL_2311	sub-C016_preop3T_AAL_2312	sub-C016_preop3T_AAL_2321	sub-C016_preop3T_AAL_2322	sub-C016_preop3T_AAL_2331	sub-C016_preop3T_AAL_2332	sub-C016_preop3T_AAL_2401	sub-C016_preop3T_AAL_2402	sub-C016_preop3T_AAL_2501	sub-C016_preop3T_AAL_2502	sub-C016_preop3T_AAL_2601	sub-C016_preop3T_AAL_2602	sub-C016_preop3T_AAL_2611	sub-C016_preop3T_AAL_2612	sub-C016_preop3T_AAL_2701	sub-C016_preop3T_AAL_2702	sub-C016_preop3T_AAL_3001	sub-C016_preop3T_AAL_3002	sub-C016_preop3T_AAL_4001	sub-C016_preop3T_AAL_4002	sub-C016_preop3T_AAL_4011	sub-C016_preop3T_AAL_4012	sub-C016_preop3T_AAL_4021	sub-C016_preop3T_AAL_4022	sub-C016_preop3T_AAL_4101	sub-C016_preop3T_AAL_4102	sub-C016_preop3T_AAL_4111	sub-C016_preop3T_AAL_4112	sub-C016_preop3T_AAL_4201	sub-C016_preop3T_AAL_4202	sub-C016_preop3T_AAL_5001	sub-C016_preop3T_AAL_5002	sub-C016_preop3T_AAL_5011	sub-C016_preop3T_AAL_5012	sub-C016_preop3T_AAL_5021	sub-C016_preop3T_AAL_5022	sub-C016_preop3T_AAL_5101	sub-C016_preop3T_AAL_5102	sub-C016_preop3T_AAL_5201	sub-C016_preop3T_AAL_5202	sub-C016_preop3T_AAL_5301	sub-C016_preop3T_AAL_5302	sub-C016_preop3T_AAL_5401	sub-C016_preop3T_AAL_5402	sub-C016_preop3T_AAL_6001	sub-C016_preop3T_AAL_6002	sub-C016_preop3T_AAL_6101	sub-C016_preop3T_AAL_6102	sub-C016_preop3T_AAL_6201	sub-C016_preop3T_AAL_6202	sub-C016_preop3T_AAL_6211	sub-C016_preop3T_AAL_6212	sub-C016_preop3T_AAL_6221	sub-C016_preop3T_AAL_6222	sub-C016_preop3T_AAL_6301	sub-C016_preop3T_AAL_6302	sub-C016_preop3T_AAL_6401	sub-C016_preop3T_AAL_6402	sub-C016_preop3T_AAL_7001	sub-C016_preop3T_AAL_7002	sub-C016_preop3T_AAL_7011	sub-C016_preop3T_AAL_7012	sub-C016_preop3T_AAL_7021	sub-C016_preop3T_AAL_7022	sub-C016_preop3T_AAL_7101	sub-C016_preop3T_AAL_7102	sub-C016_preop3T_AAL_8101	sub-C016_preop3T_AAL_8102	sub-C016_preop3T_AAL_8111	sub-C016_preop3T_AAL_8112	sub-C016_preop3T_AAL_8121	sub-C016_preop3T_AAL_8122	sub-C016_preop3T_AAL_8201	sub-C016_preop3T_AAL_8202	sub-C016_preop3T_AAL_8211	sub-C016_preop3T_AAL_8212	sub-C016_preop3T_AAL_8301	sub-C016_preop3T_AAL_8302	sub-C016_preop3T_AAL_9001	sub-C016_preop3T_AAL_9002	sub-C016_preop3T_AAL_9011	sub-C016_preop3T_AAL_9012	sub-C016_preop3T_AAL_9021	sub-C016_preop3T_AAL_9022	sub-C016_preop3T_AAL_9031	sub-C016_preop3T_AAL_9032	sub-C016_preop3T_AAL_9041	sub-C016_preop3T_AAL_9042	sub-C016_preop3T_AAL_9051	sub-C016_preop3T_AAL_9052	sub-C016_preop3T_AAL_9061	sub-C016_preop3T_AAL_9062	sub-C016_preop3T_AAL_9071	sub-C016_preop3T_AAL_9072	sub-C016_preop3T_AAL_9081	sub-C016_preop3T_AAL_9082	sub-C016_preop3T_AAL_9100	sub-C016_preop3T_AAL_9110	sub-C016_preop3T_AAL_9120	sub-C016_preop3T_AAL_9130	sub-C016_preop3T_AAL_9140	sub-C016_preop3T_AAL_9150	sub-C016_preop3T_AAL_9160	sub-C016_preop3T_AAL_9170	
349436	sub-C016_preop3T_AAL_2001	0	1034	14826	1922	0	8	17120	322	4	0	17258	138	3534	90	52	4	8970	44	12192	2590	18	0	728	478	0	8	8	20	1864	2	142	130	28	212	20	0	102	142	32	22	18	22	16	6	0	12	48	64	6	4	44	6	218	0	186	28	18620	82	350	24	6100	0	2906	10	2916	4	112	42	13460	348	108	28	3264	112	428	14	10568	764	146	0	1240	0	176	8	2062	10	10	12	1950	12	3058	912	2650	1188	2578	154	1854	188	1234	464	1850	586	1906	798	748	182	264	218	474	146	304	292	1578	254	164	46	
280368	sub-C016_preop3T_AAL_2002	1034	0	80	12254	10	8	30	16020	4	30	16	12028	32	2230	18	18	2	3000	936	3258	0	2	12	398	8	12	0	4	6	102	2	2	734	98	4	0	62	130	12	10	4	14	6	2	0	8	46	204	4	12	0	42	0	4	46	14	176	15474	60	896	0	8140	0	4362	0	5114	834	32	4748	2584	70	112	62	838	8	90	612	14712	0	0	0	14	16	44	12	638	16	10	0	358	1244	3226	1138	2164	244	1978	408	334	310	2344	918	758	888	2384	436	784	84	548	414	262	360	1676	3412	214	456	156	
598876	sub-C016_preop3T_AAL_2101	14826	80	0	25964	3006	1022	39452	1456	3462	18	12822	236	13458	292	986	24	4930	54	33388	6938	100	272	46788	15728	1018	2218	208	184	2730	4	12378	9240	8060	2086	3948	266	610	44	694	16	50	20	1918	106	184	78	1360	56	26	16	20	4	6	4	602	14	1384	18	234	32	150	6	170	4	50	6	6300	782	2118	8	654	356	2934	100	112	18	3514	282	20	0	362	0	386	6	236	2	36	10	266	4	512	200	468	240	772	40	354	14	80	50	172	182	482	156	632	42	86	48	306	152	16	18	280	52	34	20	
808924	sub-C016_preop3T_AAL_2102	1922	12254	25964	0	1088	2436	6884	32592	222	2682	2470	16746	4128	11060	878	1438	308	6532	15952	43892	150	326	22514	60384	1280	2808	410	270	1350	1072	11128	15148	1450	6614	122	1346	594	900	132	322	76	460	92	466	20	240	88	748	20	20	30	64	4	2	166	210	910	710	646	488	34	186	2	424	16	308	1560	1996	2584	182	3286	3798	3756	6364	118	1160	5826	12856	40	8	62	142	404	490	120	74	88	312	34	42	1794	1698	1888	2198	1500	2364	610	254	416	864	1098	622	2006	2784	2082	1536	320	594	2106	1488	344	390	2394	880	1856	876	
245096	sub-C016_preop3T_AAL_2111	0	10	3006	1088	0	3176	636	24	10218	44	2	52	234	46	7430	12	0	12	4	14	3400	1542	3826	1808	9924	5494	9178	2144	2716	6	1266	704	96	16	14	22	3772	212	1152	48	2914	146	500	18	162	10	560	316	352	6	260	2	126	0	62	62	38	12	526	44	6	0	0	6	0	0	592	68	8	2	6962	2224	12384	174	3154	62	4556	982	62	0	6	2	3820	28	590	0	2120	74	38	2	214	134	216	128	724	202	634	14	86	46	68	98	360	136	260	80	50	64	488	460	54	36	194	178	100	138	
321456	sub-C016_preop3T_AAL_2112	8	8	1022	2436	3176	0	154	710	300	7232	6	20	552	94	776	2314	0	10	8	12	282	1576	2538	1616	4016	13612	1118	13162	210	738	1124	868	36	230	130	918	514	11828	96	2380	30	10334	1072	1468	70	522	286	4148	146	858	84	952	10	880	20	7474	26	74	66	256	0	6	0	2	0	4	176	616	8	0	2474	17556	988	18144	34	3884	482	3850	2	4	0	80	60	1510	48	386	46	1200	4	488	186	404	146	148	228	136	226	10	80	316	104	46	172	194	106	268	34	80	234	280	24	22	182	106	150	188	
259972	sub-C016_preop3T_AAL_2201	17120	30	39452	6884	636	154	0	824	5296	48	4330	286	20896	190	2530	6	340	88	912	1006	24	108	7130	4444	106	122	34	62	986	0	810	1612	52	126	42	8	274	198	60	10	32	162	186	8	26	0	220	22	74	0	74	0	88	0	126	8	1780	2	160	16	900	0	84	4	770	0	150	38	270	0	970	200	2242	168	448	14	1158	148	22	0	6	0	172	6	344	0	48	10	378	0	74	26	98	24	164	12	24	2	24	4	20	16	192	36	158	22	12	22	128	60	6	4	30	24	20	14	
239004	sub-C016_preop3T_AAL_2202	322	16020	1456	32592	24	710	824	0	16	5638	300	6524	316	19342	42	2748	70	130	720	706	0	8	542	4350	30	164	4	8	88	132	0	0	10	0	2	0	154	342	30	148	20	142	0	0	0	6	4	32	8	142	10	612	0	0	48	102	100	1392	158	1116	16	2830	0	114	4	3886	186	50	640	2	564	2504	838	680	8	400	970	1330	16	0	6	2	22	60	20	1948	20	112	2	1106	224	152	224	162	248	160	34	8	32	48	52	76	220	142	168	174	34	46	196	54	8	12	160	24	56	48	
159604	sub-C016_preop3T_AAL_2211	4	4	3462	222	10218	300	5296	16	0	168	2	34	2100	48	13480	18	0	8	4	6	172	96	1850	184	270	140	996	170	1894	4	22	42	2	10	22	34	2428	684	174	60	418	520	1294	32	472	12	1242	582	910	2	520	0	230	0	116	72	56	0	708	50	8	0	0	4	0	0	954	130	16	0	1072	668	12474	512	1738	106	2802	1444	116	0	4	2	1524	30	184	0	478	94	0	0	158	88	188	64	364	400	190	18	34	50	38	46	374	74	264	34	20	24	338	478	22	42	104	66	42	42	
209384	sub-C016_preop3T_AAL_2212	0	30	18	2682	44	7232	48	5638	168	0	2	24	324	960	456	5844	0	10	4	16	2	74	72	876	24	222	0	168	132	368	2	0	6	0	104	506	208	8216	24	756	2	5230	2142	3790	64	454	320	6214	208	532	134	156	8	144	12	5604	12	308	42	620	0	12	0	6	0	32	114	634	2	12	14	11830	512	14854	12	4334	244	4106	0	0	0	6	10	330	6	44	2	448	2	22	164	368	132	300	94	522	132	14	44	278	112	36	136	490	64	1010	8	202	378	164	24	24	276	60	360	456	
248824	sub-C016_preop3T_AAL_2301	17258	16	12822	2470	2	6	4330	300	2	2	0	178	22338	194	164	4	9898	12	8272	206	0	4	4132	2058	0	2	0	4	10282	6	408	376	36	94	24	0	114	54	46	26	34	36	52	2	12	0	40	22	36	4	112	10	118	0	92	12	2966	8	698	6	878	2	2396	8	414	12	494	24	138	0	866	44	5934	178	374	6	1060	232	44	0	2026	0	1122	22	3190	8	22	22	2744	12	120	54	120	58	342	52	20	6	34	14	26	40	160	54	262	42	38	24	94	50	8	2	64	26	22	8	
257564	sub-C016_preop3T_AAL_2302	138	12028	236	16746	52	20	286	6524	34	24	178	0	224	22954	54	358	24	13118	186	7348	4	22	58	3114	20	10	4	12	78	7440	8	2	2	2	2	6	308	462	102	170	30	272	4	18	2	52	12	92	4	24	6	62	0	4	100	132	144	1222	152	748	4	1996	2	5508	0	1378	144	252	46	0	354	2334	426	9406	14	1160	1196	2278	2	100	6	1266	38	632	34	442	62	178	4	240	218	156	200	214	262	420	76	6	36	96	74	84	208	254	234	342	42	98	220	130	16	16	200	64	88	88	
462876	sub-C016_preop3T_AAL_2311	3534	32	13458	4128	234	552	20896	316	2100	324	22338	224	0	220	26010	22	2330	32	1686	106	6	182	5822	3358	48	162	14	354	25394	8	458	644	62	72	104	78	1206	1416	360	78	184	1070	4482	50	474	18	5430	122	1280	16	1606	14	1046	0	504	38	2816	20	2538	48	590	4	376	22	336	20	2860	198	366	6	5370	1128	28260	1272	4268	72	7768	962	442	0	398	0	3462	44	2130	8	450	56	1728	10	580	228	628	256	1630	112	150	36	304	46	130	194	1046	226	1142	112	160	88	590	368	64	22	284	166	94	52	
304100	sub-C016_preop3T_AAL_2312	90	2230	292	11060	46	94	190	19342	48	960	194	22954	220	0	74	9176	38	2430	74	1882	0	52	146	4216	18	48	6	30	50	10104	6	2	8	0	172	176	200	1566	44	544	22	692	20	362	24	1408	4	296	104	758	16	194	0	4	54	424	136	1742	304	3528	4	388	0	1598	0	928	396	2820	12	4	178	6588	420	17908	22	5164	632	6322	0	58	0	1162	28	274	26	1174	32	488	4	642	182	280	158	380	106	764	40	8	30	130	106	74	210	516	128	874	28	182	388	202	8	18	326	94	318	354	
332260	sub-C016_preop3T_AAL_2321	52	18	986	878	7430	776	2530	42	13480	456	164	54	26010	74	0	36	64	14	14	14	872	238	634	658	120	216	1088	496	17698	6	22	94	14	10	76	94	2516	1950	1168	104	660	1450	4790	68	682	24	5690	518	1560	12	1528	0	978	0	400	86	796	14	1706	66	44	0	0	12	6	4	2100	210	202	6	3350	1574	26258	1500	3792	148	6346	1806	360	0	186	2	6724	50	696	2	964	110	84	2	418	192	460	202	1120	366	224	42	248	52	94	156	828	176	776	70	114	56	552	608	66	42	236	148	88	64	
160052	sub-C016_preop3T_AAL_2322	4	18	24	1438	12	2314	6	2748	18	5844	4	358	22	9176	36	0	2	88	2	32	0	582	60	750	4	102	0	374	6	5132	2	0	4	0	410	416	18	1654	0	356	2	770	502	2740	84	2532	4	2686	230	2184	18	456	2	4	2	1354	6	750	234	2356	0	20	0	82	0	66	456	2288	2	2	14	3968	32	13896	6	3740	28	2510	0	2	0	94	4	904	2	84	0	214	0	20	80	154	64	198	14	358	18	4	10	102	60	28	64	242	20	548	6	104	104	42	10	6	162	10	126	126	
117044	sub-C016_preop3T_AAL_2331	8970	2	4930	308	0	0	340	70	0	0	9898	24	2330	38	64	2	0	4	4738	48	0	0	322	224	0	0	0	0	7354	6	28	24	0	12	0	0	50	2	24	0	10	0	12	0	4	0	14	6	24	0	124	2	26	0	32	0	3276	2	450	0	760	0	1724	2	38	0	334	6	28	0	160	0	2574	16	94	2	342	20	1410	0	4474	0	950	0	1066	4	10	0	364	4	18	8	20	6	78	6	8	4	0	2	0	4	40	6	66	6	6	2	22	16	6	0	10	8	2	2	
116772	sub-C016_preop3T_AAL_2332	44	3000	54	6532	12	10	88	130	8	10	12	13118	32	2430	14	88	4	0	60	4376	0	2	16	436	6	6	0	4	20	5980	4	0	2	0	0	6	124	74	52	32	14	40	2	42	2	98	4	26	2	112	8	52	0	2	56	18	38	1410	44	390	0	914	0	4618	0	62	54	258	14	0	102	298	86	4532	2	320	500	572	2	1050	4	2250	14	2096	16	30	20	20	4	8	94	54	86	82	128	102	36	2	20	26	34	30	88	88	112	90	30	28	80	42	8	6	74	18	18	18	
312744	sub-C016_preop3T_AAL_2401	12192	936	33388	15952	4	8	912	720	4	4	8272	186	1686	74	14	2	4738	60	0	15124	2	6	5174	3570	2	12	4	4	1746	4	5536	4256	6812	4486	308	154	116	72	148	6	8	2	282	86	44	48	272	72	16	6	10	6	4	2	134	14	1172	20	220	10	146	4	172	6	50	2	2716	732	7258	36	44	20	1202	54	12	14	4396	294	18	0	382	2	224	2	194	2	8	2	168	8	946	384	776	454	1226	68	406	52	262	160	358	308	782	306	784	68	134	92	530	106	82	86	574	68	50	20	
315568	sub-C016_preop3T_AAL_2402	2590	3258	6938	43892	14	12	1006	706	6	16	206	7348	106	1882	14	32	48	4376	15124	0	10	12	602	2728	30	8	16	8	180	584	4034	3114	1436	10342	26	68	94	236	10	42	8	86	32	60	4	36	56	318	18	8	22	24	0	2	26	28	492	1080	292	196	16	32	0	220	10	56	1110	1000	7930	3660	386	248	792	1504	10	234	2762	5498	34	4	48	104	54	208	28	34	6	38	8	14	916	814	990	1212	482	1002	402	184	262	428	682	294	926	1616	1034	550	148	218	1092	794	242	188	1300	434	1158	426	
84848	sub-C016_preop3T_AAL_2501	18	0	100	150	3400	282	24	0	172	2	0	4	6	0	872	0	0	0	2	10	0	2308	382	646	1616	1118	4784	1344	458	0	2504	888	610	72	8	34	1610	22	1840	2	3996	14	136	8	68	12	140	10	126	2	62	0	42	2	90	4	24	0	24	0	0	0	0	0	0	0	46	44	28	0	2604	836	2532	18	240	6	368	30	14	0	0	0	2432	0	230	0	1642	2	36	0	106	36	82	44	168	10	232	6	48	12	42	36	50	22	32	6	12	2	70	84	16	4	62	32	20	34	
137100	sub-C016_preop3T_AAL_2502	0	2	272	326	1542	1576	108	8	96	74	4	22	182	52	238	582	0	2	6	12	2308	0	706	1164	1948	2816	1874	5988	40	330	1598	4082	350	2112	76	1200	90	2058	16	3190	14	6326	68	184	16	142	48	88	24	122	2	86	0	34	4	516	6	10	6	16	0	0	0	0	0	0	218	672	2	2	1806	5912	286	4138	20	82	114	452	0	0	0	26	22	3822	18	126	18	3142	0	90	26	16	46	30	38	6	50	2	10	6	40	8	136	48	84	34	36	24	310	1268	4	2	32	228	88	248	
400712	sub-C016_preop3T_AAL_2601	728	12	46788	22514	3826	2538	7130	542	1850	72	4132	58	5822	146	634	60	322	16	5174	602	382	706	0	22308	3666	4336	446	528	870	6	15272	10800	7752	3416	3956	846	518	40	634	20	42	28	1620	300	220	190	1148	66	24	20	30	2	10	2	560	14	216	18	140	34	12	2	12	10	8	4	5148	986	98	14	1544	770	2462	144	180	58	1486	262	14	0	10	0	196	8	32	2	24	14	100	2	226	102	224	108	368	26	176	0	26	22	68	78	220	68	300	52	40	26	116	148	2	8	118	32	28	20	
430880	sub-C016_preop3T_AAL_2602	478	398	15728	60384	1808	1616	4444	4350	184	876	2058	3114	3358	4216	658	750	224	436	3570	2728	646	1164	22308	0	2024	4792	900	920	950	166	8080	14136	684	5514	136	1602	414	448	112	214	66	286	74	444	16	228	32	348	4	0	6	14	2	0	116	138	584	278	322	186	18	36	2	154	8	106	1106	1812	418	78	3052	2844	2892	4010	98	686	2384	3918	6	4	12	34	274	190	76	26	64	206	28	18	576	440	592	574	836	972	116	10	94	152	240	204	776	666	818	734	128	252	718	524	28	36	538	340	476	308	
126068	sub-C016_preop3T_AAL_2611	0	8	1018	1280	9924	4016	106	30	270	24	0	20	48	18	120	4	0	6	2	30	1616	1948	3666	2024	0	6714	5260	2712	24	2	3636	1302	346	180	14	82	860	38	162	18	254	18	262	28	86	20	252	38	192	2	136	0	62	0	14	20	18	2	216	8	4	0	0	2	0	0	246	102	2	0	5262	2380	2550	66	340	32	688	192	36	0	2	0	138	6	116	0	158	12	12	2	120	62	104	66	232	32	344	4	60	20	40	46	40	34	18	24	4	6	32	56	28	10	98	22	14	14	
195472	sub-C016_preop3T_AAL_2612	8	12	2218	2808	5494	13612	122	164	140	222	2	10	162	48	216	102	0	6	12	8	1118	2816	4336	4792	6714	0	2594	8162	56	10	2296	4344	204	1124	56	722	188	1762	40	576	20	1420	118	244	10	218	62	358	18	180	8	202	4	116	16	940	112	42	100	100	0	2	0	0	0	2	332	514	84	2	4196	10208	356	3602	12	1634	138	1954	2	2	0	14	46	184	36	34	40	314	2	38	116	100	102	102	116	102	56	4	46	42	62	26	152	146	94	188	26	46	178	242	6	8	122	100	106	136	
127568	sub-C016_preop3T_AAL_2701	8	0	208	410	9178	1118	34	4	996	0	0	4	14	6	1088	0	0	0	4	16	4784	1874	446	900	5260	2594	0	3800	436	0	1822	764	304	40	0	24	1838	56	992	30	2630	44	56	14	12	12	148	40	38	8	20	4	4	0	46	22	18	4	18	4	2	0	0	0	0	0	24	34	18	0	6878	3484	3618	52	56	16	708	140	2	0	2	0	1906	12	380	2	1452	22	38	2	138	68	118	80	292	34	424	8	58	30	66	54	162	94	74	56	28	38	196	160	36	24	124	150	88	142	
230456	sub-C016_preop3T_AAL_2702	20	4	184	270	2144	13162	62	8	170	168	4	12	354	30	496	374	0	4	4	8	1344	5988	528	920	2712	8162	3800	0	126	134	862	506	42	48	68	510	338	6834	84	3118	44	9540	336	628	32	408	128	1576	52	710	18	842	6	586	18	3956	14	34	28	126	0	0	0	0	0	0	72	290	16	0	3802	12264	722	12156	36	1888	328	1416	0	4	0	108	44	3246	28	468	30	2786	2	540	144	170	124	72	182	48	142	2	66	130	66	40	136	78	76	78	22	22	122	252	10	10	92	70	60	84	
342424	sub-C016_preop3T_AAL_3001	1864	6	2730	1350	2716	210	986	88	1894	132	10282	78	25394	50	17698	6	7354	20	1746	180	458	40	870	950	24	56	436	126	0	6	26	80	12	28	52	58	776	482	426	20	998	386	3714	20	482	12	4282	58	1290	12	1808	10	962	0	370	6	3238	6	4258	20	566	0	582	6	208	14	4148	190	174	2	1646	414	27078	428	2974	10	5184	358	2854	0	6370	2	7196	6	2336	0	1250	8	688	2	312	146	344	156	950	44	72	22	206	26	80	132	544	132	646	56	82	54	296	172	36	12	178	106	48	24	
187136	sub-C016_preop3T_AAL_3002	2	102	4	1072	6	738	0	132	4	368	6	7440	8	10104	6	5132	6	5980	4	584	0	330	6	166	2	10	0	134	6	0	2	0	6	0	66	60	20	672	2	212	2	562	108	1936	50	2252	4	1100	50	1884	4	508	0	22	6	444	14	928	48	3390	0	60	0	2052	0	92	190	2922	0	0	24	630	16	22510	2	1974	64	1558	0	550	2	4906	2	4764	0	1172	0	1418	0	16	54	122	32	140	12	252	10	2	2	50	22	20	48	182	14	344	8	56	126	54	2	10	118	28	110	122	
242204	sub-C016_preop3T_AAL_4001	142	2	12378	11128	1266	1124	810	0	22	2	408	8	458	6	22	2	28	4	5536	4034	2504	1598	15272	8080	3636	2296	1822	862	26	2	0	17704	9930	4830	2332	1012	146	12	210	8	56	8	626	312	148	238	386	38	2	16	4	4	8	4	154	12	66	2	14	6	4	0	0	0	2	0	3538	1624	44	20	1384	710	594	14	76	2	376	28	2	0	0	0	18	0	6	2	12	0	24	4	36	14	44	16	106	2	84	2	8	0	14	14	74	22	92	14	8	6	80	112	4	0	20	34	18	28	
247812	sub-C016_preop3T_AAL_4002	130	2	9240	15148	704	868	1612	0	42	0	376	2	644	2	94	0	24	0	4256	3114	888	4082	10800	14136	1302	4344	764	506	80	0	17704	0	2606	12656	346	4848	42	22	20	22	12	24	180	834	36	582	34	104	0	8	2	6	2	2	14	20	54	4	16	10	4	0	0	0	2	0	1250	4552	44	2	638	1796	454	24	64	26	264	34	0	0	0	0	36	6	2	2	6	10	2	2	32	16	42	20	78	2	10	0	6	2	20	12	90	20	82	16	10	12	148	462	2	0	22	94	30	88	
182780	sub-C016_preop3T_AAL_4011	28	734	8060	1450	96	36	52	10	2	6	36	2	62	8	14	4	0	2	6812	1436	610	350	7752	684	346	204	304	42	12	6	9930	2606	0	5336	7986	646	526	24	1080	28	20	6	3024	222	592	150	2234	84	50	34	18	8	14	4	830	24	76	884	42	592	0	0	0	2	0	0	16368	2030	4204	332	368	226	144	22	14	18	112	142	2	0	0	2	10	6	0	6	4	4	134	4	48	46	26	42	34	12	332	6	14	28	20	16	34	46	30	4	4	6	32	98	10	24	68	14	2	10	
217696	sub-C016_preop3T_AAL_4012	212	98	2086	6614	16	230	126	0	10	0	94	2	72	0	10	0	12	0	4486	10342	72	2112	3416	5514	180	1124	40	48	28	0	4830	12656	5336	0	1214	7628	72	64	48	154	2	16	518	1762	106	878	314	614	10	12	2	14	2	4	58	86	1318	1032	510	372	0	0	0	0	0	0	6802	15874	3730	3620	50	1138	84	16	16	24	54	38	0	0	4	0	4	4	0	8	0	14	4	10	18	10	26	16	34	8	44	0	4	4	20	2	42	20	32	6	10	4	70	270	4	2	22	48	14	48	
460380	sub-C016_preop3T_AAL_4021	20	4	3948	122	14	130	42	2	22	104	24	2	104	172	76	410	0	0	308	26	8	76	3956	136	14	56	0	68	52	66	2332	346	7986	1214	0	30060	4686	3212	1756	198	6	290	21342	14742	14262	12986	5304	3558	16496	9590	1368	128	110	16	1458	144	54	108	3476	878	0	0	0	0	0	0	29460	21200	6	8	10	288	206	738	100	644	814	2344	6	6	6	130	26	70	18	86	14	110	388	60	236	360	186	182	314	1028	812	64	108	266	134	50	120	96	66	58	48	40	52	456	82	234	344	16	22	10	
503088	sub-C016_preop3T_AAL_4022	0	0	266	1346	22	918	8	0	34	506	0	6	78	176	94	416	0	6	154	68	34	1200	846	1602	82	722	24	510	58	60	1012	4848	646	7628	30060	0	5260	7732	400	1412	2	1646	20784	20362	14398	14588	3654	6324	17744	10444	2116	176	226	60	356	1224	46	30	3102	666	0	0	0	0	0	0	22016	29990	54	0	34	1750	138	1830	92	596	740	2672	4	6	14	130	24	86	30	110	20	232	168	92	190	274	162	144	282	830	460	58	106	190	120	42	106	72	56	62	44	30	110	540	78	160	270	60	38	50	
391636	sub-C016_preop3T_AAL_4101	102	62	610	594	3772	514	274	154	2428	208	114	308	1206	200	2516	18	50	124	116	94	1610	90	518	414	860	188	1838	338	776	20	146	42	526	72	4686	5260	0	4706	18688	296	7096	686	8690	4246	1534	754	11908	2612	1770	768	1124	0	946	2	13026	344	346	28	640	112	6	2	0	38	6	8	6212	4406	132	4	4068	888	7432	894	1590	142	17370	1614	10	0	14	12	3656	46	3414	8	4620	110	4150	8	2232	716	1820	830	2140	404	3666	74	1370	264	1172	552	1962	542	1376	278	518	182	866	696	160	156	1150	324	224	114	
617624	sub-C016_preop3T_AAL_4102	142	130	44	900	212	11828	198	342	684	8216	54	462	1416	1566	1950	1654	2	74	72	236	22	2058	40	448	38	1762	56	6834	482	672	12	22	24	64	3212	7732	4706	0	166	19694	36	28400	7684	11344	1166	1694	2872	16730	1722	2600	592	1806	188	1392	98	25430	86	132	174	244	0	10	0	6	0	10	3402	6048	216	30	184	18530	2344	22552	172	1700	1552	15522	2	8	0	436	132	5366	112	3964	96	14726	6	4216	984	1432	966	1382	522	638	848	258	388	1062	932	502	1980	1962	1400	1654	452	1034	886	1460	396	332	1254	860	638	632	
214404	sub-C016_preop3T_AAL_4111	32	12	694	132	1152	96	60	30	174	24	46	102	360	44	1168	0	24	52	148	10	1840	16	634	112	162	40	992	84	426	2	210	20	1080	48	1756	400	18688	166	0	12	8248	102	3522	244	522	128	9672	196	546	68	976	2	1102	0	13958	24	38	50	410	64	0	2	0	10	6	4	3434	338	28	4	972	134	1202	176	798	20	5590	176	2	0	28	0	4984	10	592	0	3994	6	5168	0	1252	134	438	164	560	36	2546	18	1254	54	306	112	358	120	226	60	60	44	204	102	46	36	324	70	56	24	
285792	sub-C016_preop3T_AAL_4112	22	10	16	322	48	2380	10	148	60	756	26	170	78	544	104	356	0	32	6	42	2	3190	20	214	18	576	30	3118	20	212	8	22	28	154	198	1412	296	19694	12	0	6	14990	340	3094	88	852	218	5460	136	918	20	2498	8	2002	24	21306	22	34	66	146	0	0	0	6	0	6	226	2394	34	4	84	4492	138	3870	30	920	148	5828	0	2	0	494	10	6886	10	2664	10	15190	4	5174	256	588	234	396	54	606	98	700	80	300	192	76	390	520	244	578	60	196	364	512	62	64	344	234	264	278	
98440	sub-C016_preop3T_AAL_4201	18	4	50	76	2914	30	32	20	418	2	34	30	184	22	660	2	10	14	8	8	3996	14	42	66	254	20	2630	44	998	2	56	12	20	2	6	2	7096	36	8248	6	0	20	132	4	26	2	152	8	60	6	54	0	48	0	554	6	14	2	30	4	2	0	0	10	0	0	28	2	14	0	600	72	3080	42	900	22	2078	68	14	0	22	2	6004	4	318	0	4928	2	50	0	210	64	110	68	248	12	274	10	114	28	54	46	66	50	38	24	12	18	62	40	14	10	110	28	26	14	
394316	sub-C016_preop3T_AAL_4202	22	14	20	460	146	10334	162	142	520	5230	36	272	1070	692	1450	770	0	40	2	86	14	6326	28	286	18	1420	44	9540	386	562	8	24	6	16	290	1646	686	28400	102	14990	20	0	1640	3250	196	760	484	4876	482	1324	188	1452	14	1066	20	12938	20	40	70	184	0	6	0	2	0	8	110	420	26	4	136	14130	1672	19306	84	1176	842	6588	2	6	0	220	80	9798	62	1252	54	15326	4	1592	326	542	298	404	262	256	374	18	106	302	230	90	474	578	286	632	74	176	554	1348	48	64	378	362	366	420	
588352	sub-C016_preop3T_AAL_5001	16	6	1918	92	500	1072	186	0	1294	2142	52	4	4482	20	4790	502	12	2	282	32	136	68	1620	74	262	118	56	336	3714	108	626	180	3024	518	21342	20784	8690	7684	3522	340	132	1640	0	20992	19638	10940	25786	7408	19882	8726	7352	128	3514	8	3222	3500	50	128	194	586	4	0	2	0	0	0	24146	16894	20	6	266	1768	7028	3520	766	40	1432	490	0	0	1424	70	1322	44	3070	96	648	142	1862	64	228	82	274	92	332	172	1474	214	382	56	48	58	56	44	32	28	6	22	110	338	328	46	128	38	20	12	
533812	sub-C016_preop3T_AAL_5002	6	2	106	466	18	1468	8	0	32	3790	2	18	50	362	68	2740	0	42	86	60	8	184	300	444	28	244	14	628	20	1936	312	834	222	1762	14742	20362	4246	11344	244	3094	4	3250	20992	0	10642	20902	3098	23422	9310	16226	1770	3504	196	838	230	5808	20	16	326	114	0	0	0	2	0	0	14020	23518	58	0	20	3436	96	9594	20	982	78	1198	0	6	2	4838	14	2372	18	6162	12	4140	122	2864	82	138	80	110	48	174	86	170	28	46	68	4	90	134	50	152	20	30	122	356	36	26	100	66	84	74	
292880	sub-C016_preop3T_AAL_5011	0	0	184	20	162	70	26	0	472	64	12	2	474	24	682	84	4	2	44	4	68	16	220	16	86	10	12	32	482	50	148	36	592	106	14262	14398	1534	1166	522	88	26	196	19638	10642	0	11992	1902	1202	19208	6828	1630	108	22	8	374	56	26	74	274	490	0	0	0	0	0	0	15470	12784	6	0	144	124	1410	226	586	90	638	442	2	0	1056	118	130	52	488	102	10	94	106	44	102	52	54	38	182	134	292	18	66	36	32	24	22	24	10	14	6	6	34	124	26	42	80	12	12	6	
429892	sub-C016_preop3T_AAL_5012	12	8	78	240	10	522	0	6	12	454	0	52	18	1408	24	2532	0	98	48	36	12	142	190	228	20	218	12	408	12	2252	238	582	150	878	12986	14588	754	1694	128	852	2	760	10940	20902	11992	0	576	2236	9744	28844	1188	5920	70	126	136	822	24	42	588	4400	0	2	0	8	0	60	10346	27152	40	4	20	1066	40	5804	16	2610	84	2394	2	774	4	7518	8	2046	6	4592	2	2266	68	1684	150	440	128	278	40	708	76	74	52	270	124	40	134	350	94	420	44	134	182	354	44	204	412	104	120	140	
420332	sub-C016_preop3T_AAL_5021	48	46	1360	88	560	286	220	4	1242	320	40	12	5430	4	5690	4	14	4	272	56	140	48	1148	32	252	62	148	128	4282	4	386	34	2234	314	5304	3654	11908	2872	9672	218	152	484	25786	3098	1902	576	0	2912	1930	380	6662	4	7456	2	20240	1128	340	108	358	168	4	0	0	0	0	0	8564	3120	266	16	308	426	8008	562	442	16	2992	512	0	0	820	2	1618	4	4952	4	1254	18	8412	14	1724	314	452	278	1170	314	9524	2592	6186	966	536	140	444	224	260	108	186	258	144	800	4278	2364	1352	932	40	20	
493532	sub-C016_preop3T_AAL_5022	64	204	56	748	316	4148	22	32	582	6214	22	92	122	296	518	2686	6	26	72	318	10	88	66	348	38	358	40	1576	58	1100	38	104	84	614	3558	6324	2612	16730	196	5460	8	4876	7408	23422	1202	2236	2912	0	1148	3292	192	782	166	4170	726	26270	220	758	896	1446	2	4	0	16	0	4	4206	9420	134	98	134	5792	826	14160	86	474	1002	11602	0	2	0	914	86	1542	62	5996	66	4570	86	5974	746	2348	322	512	518	5410	3620	6016	1912	4636	264	194	302	460	122	376	128	652	174	3698	4608	2808	848	484	154	120	
373172	sub-C016_preop3T_AAL_5101	6	4	26	20	352	146	74	8	910	208	36	4	1280	104	1560	230	24	2	16	18	126	24	24	4	192	18	38	52	1290	50	2	0	50	10	16496	17744	1770	1722	546	136	60	482	19882	9310	19208	9744	1930	1148	0	8016	13766	120	188	6	578	74	60	32	7352	546	84	0	2	0	2	0	14780	11676	6	4	316	314	3198	586	1452	294	2016	1190	160	6	3222	102	738	62	2430	82	82	122	412	46	434	222	320	194	610	420	926	62	254	120	214	114	176	110	76	52	32	36	58	330	96	116	322	34	36	14	
374040	sub-C016_preop3T_AAL_5102	4	12	16	20	6	858	0	142	2	532	4	24	16	758	12	2184	0	112	6	8	2	122	20	0	2	180	8	710	12	1884	16	8	34	12	9590	10444	768	2600	68	918	6	1324	8726	16226	6828	28844	380	3292	8016	0	1394	14380	56	768	72	1930	12	60	116	4460	0	38	0	16	0	1686	6646	12912	4	4	34	1164	44	5332	6	1670	26	1590	0	276	4	7862	8	2478	8	6654	4	3166	30	3098	100	270	76	200	16	486	36	28	24	146	70	16	98	240	66	310	20	66	134	256	24	90	236	66	98	84	
271804	sub-C016_preop3T_AAL_5201	44	0	20	30	260	84	74	10	520	134	112	6	1606	16	1528	18	124	8	10	22	62	2	30	6	136	8	20	18	1808	4	4	2	18	2	1368	2116	1124	592	976	20	54	188	7352	1770	1630	1188	6662	192	13766	1394	0	6	13110	0	5688	16	108	12	10998	100	4078	0	50	0	3902	0	5198	906	10	2	182	178	2868	186	668	20	1012	150	478	0	7312	8	1328	12	18600	4	230	12	9014	4	244	66	130	76	350	46	476	12	244	24	72	54	72	38	28	8	20	18	38	108	26	28	118	6	10	2	
178340	sub-C016_preop3T_AAL_5202	6	42	4	64	2	952	0	612	0	156	10	62	14	194	0	456	2	52	6	24	0	86	2	14	0	202	4	842	10	508	4	6	8	14	128	176	0	1806	2	2498	0	1452	128	3504	108	5920	4	782	120	14380	6	0	0	3212	8	4348	16	358	20	4392	0	264	0	256	0	7926	190	3226	8	0	40	726	48	2088	0	170	12	298	0	174	0	3668	0	726	0	14116	0	1518	0	5306	16	42	20	42	4	14	8	20	14	38	16	16	26	50	8	42	4	22	34	58	18	32	46	32	30	32	
140444	sub-C016_preop3T_AAL_5301	218	0	6	4	126	10	88	0	230	8	118	0	1046	0	978	2	26	0	4	0	42	0	10	2	62	4	4	6	962	0	8	2	14	2	110	226	946	188	1102	8	48	14	3514	196	22	70	7456	166	188	56	13110	0	0	0	11654	14	264	0	288	14	116	0	18	0	332	0	302	172	8	0	80	12	1616	14	210	0	344	32	42	0	1288	0	410	0	7990	0	94	2	12320	0	218	14	26	14	56	24	198	2	496	6	6	14	4	2	2	0	0	0	14	64	2	6	16	0	0	0	
76016	sub-C016_preop3T_AAL_5302	0	4	4	2	0	880	0	0	0	144	0	4	0	4	0	4	0	2	2	2	2	34	2	0	0	116	0	586	0	22	4	2	4	4	16	60	2	1392	0	2002	0	1066	8	838	8	126	2	4170	6	768	0	3212	0	0	6	10844	0	6	4	20	0	0	0	4	0	4	20	118	0	0	2	524	0	964	0	8	4	28	0	2	0	236	0	172	0	1934	0	686	0	4864	6	1070	4	4	2	0	6	44	14	750	2	0	8	12	0	14	2	6	14	18	14	14	12	16	12	10	
363896	sub-C016_preop3T_AAL_5401	186	46	602	166	62	20	126	48	116	12	92	100	504	54	400	2	32	56	134	26	90	4	560	116	14	16	46	18	370	6	154	14	830	58	1458	356	13026	98	13958	24	554	20	3222	230	374	136	20240	726	578	72	5688	8	11654	6	0	1046	224	96	144	124	52	2	4	10	212	6	2444	384	72	20	1422	80	976	104	334	12	4814	306	12	0	276	0	164	12	5902	0	428	8	24032	46	4250	1612	220	806	236	356	8730	2664	17126	4342	778	66	162	180	142	36	648	612	148	150	4148	8454	3542	1242	10	12	
518580	sub-C016_preop3T_AAL_5402	28	14	14	210	62	7474	8	102	72	5604	12	132	38	424	86	1354	0	18	14	28	4	516	14	138	20	940	22	3956	6	444	12	20	24	86	144	1224	344	25430	24	21306	6	12938	3500	5808	56	822	1128	26270	74	1930	16	4348	14	10844	1046	0	36	32	52	118	0	0	0	4	0	6	190	1090	60	2	60	8136	126	14140	28	542	210	3306	0	8	0	706	12	3276	16	7282	16	12536	52	18052	748	5744	176	684	130	212	2642	5206	3654	14564	332	40	270	314	136	328	184	1296	248	330	3252	7304	1272	574	194	194	
273948	sub-C016_preop3T_AAL_6001	18620	176	1384	910	38	26	1780	100	56	12	2966	144	2816	136	796	6	3276	38	1172	492	24	6	216	584	18	112	18	14	3238	14	66	54	76	1318	54	46	346	86	38	22	14	20	50	20	26	24	340	220	60	12	108	16	264	0	224	36	0	840	13742	380	14804	4	4962	2	3930	12	6918	1414	7572	1128	1230	462	6288	70	1682	22	6822	612	1416	0	2372	2	320	10	1954	10	12	18	1578	14	1606	378	1196	450	1736	126	1582	150	854	230	834	236	1064	324	640	116	246	128	106	346	226	174	656	132	74	34	
235848	sub-C016_preop3T_AAL_6002	82	15474	18	710	12	74	2	1392	0	308	8	1222	20	1742	14	750	2	1410	20	1080	0	10	18	278	2	42	4	34	6	928	2	4	884	1032	108	30	28	132	50	34	2	40	128	16	74	42	108	758	32	60	12	358	0	6	96	32	840	0	552	13276	2	8326	0	10706	0	2228	2676	2898	1682	5288	20	580	54	3094	22	1576	172	9286	0	50	0	254	6	30	2	480	4	24	12	364	908	2142	790	1840	124	2902	400	330	302	1504	688	450	664	2172	340	1506	70	828	388	898	352	884	2074	312	592	230	
290032	sub-C016_preop3T_AAL_6101	350	60	234	646	526	66	160	158	708	42	698	152	2538	304	1706	234	450	44	220	292	24	6	140	322	216	100	18	28	4258	48	14	16	42	510	3476	3102	640	174	410	66	30	70	194	326	274	588	358	896	7352	116	10998	20	288	4	144	52	13742	552	0	710	10688	6	358	6	4008	22	23100	2666	118	370	1320	516	6518	394	1976	332	4292	1802	2978	4	4918	38	714	34	2726	12	22	38	1146	16	1402	544	1050	516	1416	662	1574	142	806	336	692	278	880	368	506	154	290	140	138	520	234	256	816	106	110	30	
270340	sub-C016_preop3T_AAL_6102	24	896	32	488	44	256	16	1116	50	620	6	748	48	3528	66	2356	0	390	10	196	0	16	34	186	8	100	4	126	20	3390	6	10	592	372	878	666	112	244	64	146	4	184	586	114	490	4400	168	1446	546	4460	100	4392	14	20	124	118	380	13276	710	0	4	4952	0	2746	0	4820	2914	18488	56	120	90	1402	180	6976	68	3448	384	7014	0	1878	4	6938	18	964	12	4482	10	224	18	1842	522	1294	452	968	118	2024	384	274	230	998	368	256	374	1268	188	1048	52	758	218	916	304	638	1202	212	372	284	
143008	sub-C016_preop3T_AAL_6201	6100	0	150	34	6	0	900	16	8	0	878	4	590	4	44	0	760	0	146	16	0	0	12	18	4	0	2	0	566	0	4	4	0	0	0	0	6	0	0	0	2	0	4	0	0	0	4	2	84	0	4078	0	116	0	52	0	14804	2	10688	4	0	0	8528	0	15208	0	420	8	20	0	20	2	802	4	134	0	36	8	772	0	1684	0	36	0	2072	2	2	0	1550	2	10	2	12	6	0	0	4	0	4	0	10	4	12	4	6	0	0	0	0	2	0	0	6	0	0	0	
107212	sub-C016_preop3T_AAL_6202	0	8140	6	186	0	6	0	2830	0	12	2	1996	4	388	0	20	0	914	4	32	0	0	2	36	0	2	0	0	0	60	0	0	0	0	0	0	2	10	2	0	0	6	0	0	0	2	0	4	0	38	0	264	0	0	2	0	4	8326	6	4952	0	0	0	12730	0	11654	2	2	0	0	14	28	8	214	0	90	2	122	0	4	0	12	0	10	0	146	0	0	0	92	6	10	8	24	0	10	2	0	2	8	8	10	10	32	2	36	2	12	6	4	0	0	14	2	6	4	
70520	sub-C016_preop3T_AAL_6211	2906	0	170	2	0	0	84	0	0	0	2396	2	376	0	0	0	1724	0	172	0	0	0	12	2	0	0	0	0	582	0	0	0	0	0	0	0	0	0	0	0	0	0	2	0	0	0	0	0	2	0	50	0	18	0	4	0	4962	0	358	0	8528	0	0	0	1808	0	60	0	2	0	0	0	138	0	2	0	0	0	560	0	4868	0	24	0	3660	0	0	0	1786	0	0	0	0	0	0	0	0	0	0	0	0	0	0	0	0	0	0	0	0	0	0	0	0	0	0	0	
135264	sub-C016_preop3T_AAL_6212	10	4362	4	424	6	2	4	114	4	6	8	5508	22	1598	12	82	2	4618	6	220	0	0	10	154	2	0	0	0	6	2052	0	0	2	0	0	0	38	6	10	6	10	2	0	2	0	8	0	16	0	16	0	256	0	4	10	4	2	10706	6	2746	0	12730	0	0	0	3504	16	628	0	0	44	42	26	3520	4	90	90	148	0	102	0	8588	2	392	2	3928	2	0	2	436	12	14	12	18	12	30	4	0	6	10	6	6	12	16	4	26	0	6	6	14	2	4	18	4	4	4	
90316	sub-C016_preop3T_AAL_6221	2916	0	50	16	0	0	770	4	0	0	414	0	336	0	6	0	38	0	50	10	0	0	8	8	0	0	0	0	208	0	2	2	0	0	0	0	6	0	6	0	0	0	0	0	0	0	0	0	2	0	3902	0	332	0	212	0	3930	0	4008	0	15208	0	1808	0	0	0	24	0	24	0	4	0	426	0	26	0	10	0	44	0	130	0	10	0	6784	0	0	0	3404	0	6	0	2	0	0	0	2	0	6	0	2	0	2	0	0	0	0	0	0	0	0	0	0	0	0	0	
107176	sub-C016_preop3T_AAL_6222	4	5114	6	308	0	4	0	3886	0	32	12	1378	20	928	4	66	0	62	2	56	0	0	4	106	0	2	0	0	14	92	0	0	0	0	0	0	8	10	4	6	0	8	0	0	0	60	0	4	0	1686	0	7926	0	4	6	6	12	2228	22	4820	0	11654	0	3504	0	0	18	86	2	0	66	48	52	736	0	284	30	306	0	4	0	1032	0	2	0	5298	0	4	0	1006	34	32	28	54	4	10	16	2	6	14	26	20	16	62	14	78	8	28	12	6	4	2	34	6	14	16	
724768	sub-C016_preop3T_AAL_6301	112	834	6300	1560	592	176	150	186	954	114	494	144	2860	396	2100	456	334	54	2716	1110	46	218	5148	1106	246	332	24	72	4148	190	3538	1250	16368	6802	29460	22016	6212	3402	3434	226	28	110	24146	14020	15470	10346	8564	4206	14780	6646	5198	190	302	20	2444	190	6918	2676	23100	2914	420	2	60	16	24	18	0	30546	7916	2004	1954	1026	6808	900	1790	702	6016	3618	1732	94	2748	418	792	112	1386	164	36	94	696	72	2102	900	1470	838	2440	1394	2876	238	1060	568	896	396	1006	640	562	196	336	182	228	1218	372	458	1346	180	132	38	
687836	sub-C016_preop3T_AAL_6302	42	32	782	1996	68	616	38	50	130	634	24	252	198	2820	210	2288	6	258	732	1000	44	672	986	1812	102	514	34	290	190	2922	1624	4552	2030	15874	21200	29990	4406	6048	338	2394	2	420	16894	23518	12784	27152	3120	9420	11676	12912	906	3226	172	118	384	1090	1414	2898	2666	18488	8	2	0	628	0	86	30546	0	926	2950	114	1850	458	6766	216	3814	1042	7320	20	1582	50	5624	70	1098	26	2284	14	322	142	702	742	1434	656	972	358	2114	632	366	270	1070	520	268	426	1278	244	970	118	704	278	1068	278	700	1430	240	406	258	
267020	sub-C016_preop3T_AAL_6401	13460	4748	2118	2584	8	8	270	640	16	2	138	46	366	12	202	2	28	14	7258	7930	28	2	98	418	2	84	18	16	174	0	44	44	4204	3730	6	54	132	216	28	34	14	26	20	58	6	40	266	134	6	4	10	8	8	0	72	60	7572	1682	118	56	20	0	2	0	24	2	7916	926	0	4126	650	324	692	76	350	12	14868	2234	0	0	2	0	58	8	26	10	8	20	24	14	4968	1864	4060	2118	5064	160	3600	356	2104	1036	2610	1038	2876	1522	1168	252	458	318	520	424	560	846	3092	460	230	72	
71292	sub-C016_preop3T_AAL_6402	348	2584	8	182	2	0	0	2	0	12	0	0	6	4	6	2	0	0	36	3660	0	2	14	78	0	2	0	0	2	0	20	2	332	3620	8	0	4	30	4	4	0	4	6	0	0	4	16	98	4	4	2	0	0	0	20	2	1128	5288	370	120	0	0	0	0	0	0	2004	2950	4126	0	0	48	16	52	8	10	22	2232	0	0	0	0	2	2	2	0	2	2	0	0	246	526	218	506	22	738	102	90	74	402	192	134	176	606	86	364	22	200	82	192	92	210	582	102	142	22	
203876	sub-C016_preop3T_AAL_7001	108	70	654	3286	6962	2474	970	564	1072	14	866	354	5370	178	3350	14	160	102	44	386	2604	1806	1544	3052	5262	4196	6878	3802	1646	24	1384	638	368	50	10	34	4068	184	972	84	600	136	266	20	144	20	308	134	316	34	182	40	80	2	1422	60	1230	20	1320	90	20	14	0	44	4	66	1954	114	650	0	0	4120	4918	608	1184	54	5556	1052	66	0	0	0	584	52	618	18	548	70	58	14	506	212	486	230	996	130	430	56	116	66	144	166	670	230	516	158	74	84	562	456	106	44	296	316	190	284	
506392	sub-C016_preop3T_AAL_7002	28	112	356	3798	2224	17556	200	2504	668	11830	44	2334	1128	6588	1574	3968	0	298	20	248	836	5912	770	2844	2380	10208	3484	12264	414	630	710	1796	226	1138	288	1750	888	18530	134	4492	72	14130	1768	3436	124	1066	426	5792	314	1164	178	726	12	524	80	8136	462	580	516	1402	2	28	0	42	0	48	1026	1850	324	48	4120	0	2098	27108	140	9526	1046	18808	2	4	2	38	124	1764	92	232	84	3114	6	190	488	668	434	670	424	1048	406	32	164	378	324	116	558	970	326	1688	96	342	1000	2258	62	52	662	430	692	962	
598184	sub-C016_preop3T_AAL_7011	3264	62	2934	3756	12384	988	2242	838	12474	512	5934	426	28260	420	26258	32	2574	86	1202	792	2532	286	2462	2892	2550	356	3618	722	27078	16	594	454	144	84	206	138	7432	2344	1202	138	3080	1672	7028	96	1410	40	8008	826	3198	44	2868	48	1616	0	976	126	6288	54	6518	180	802	8	138	26	426	52	6808	458	692	16	4918	2098	0	1998	13214	212	22346	3118	1730	0	2666	4	4244	74	2070	28	1668	154	698	26	1550	736	1674	734	4106	646	1068	48	528	188	402	566	2420	554	2760	256	364	208	1652	1158	106	100	890	440	288	196	
754012	sub-C016_preop3T_AAL_7012	112	838	100	6364	174	18144	168	680	512	14854	178	9406	1272	17908	1500	13896	16	4532	54	1504	18	4138	144	4010	66	3602	52	12156	428	22510	14	24	22	16	738	1830	894	22552	176	3870	42	19306	3520	9594	226	5804	562	14160	586	5332	186	2088	14	964	104	14140	70	3094	394	6976	4	214	0	3520	0	736	900	6766	76	52	608	27108	1998	0	74	18054	1492	18198	0	244	0	4460	84	6154	64	1284	82	3562	6	690	702	1326	584	1328	382	2948	428	26	164	808	476	206	754	1902	400	3330	92	716	1430	1436	68	100	1162	510	1244	1420	
141928	sub-C016_preop3T_AAL_7021	428	8	112	118	3154	34	448	8	1738	12	374	14	4268	22	3792	6	94	2	12	10	240	20	180	98	340	12	56	36	2974	2	76	64	14	16	100	92	1590	172	798	30	900	84	766	20	586	16	442	86	1452	6	668	0	210	0	334	28	1682	22	1976	68	134	0	2	4	26	0	1790	216	350	8	1184	140	13214	74	0	80	11084	754	52	0	14	2	812	14	100	0	194	26	24	0	592	246	658	246	1654	82	148	8	170	64	156	192	1328	268	1244	124	170	112	1026	432	34	16	292	240	142	112	
205856	sub-C016_preop3T_AAL_7022	14	90	18	1160	62	3884	14	400	106	4334	6	1160	72	5164	148	3740	2	320	14	234	6	82	58	686	32	1634	16	1888	10	1974	2	26	18	24	644	596	142	1700	20	920	22	1176	40	982	90	2610	16	474	294	1670	20	170	0	8	12	542	22	1576	332	3448	0	90	0	90	0	284	702	3814	12	10	54	9526	212	18054	80	0	188	10090	0	6	0	56	24	438	10	76	10	894	2	28	400	652	320	856	86	1572	82	16	68	308	280	100	382	1168	178	2314	54	438	842	504	38	46	760	176	734	880	
675640	sub-C016_preop3T_AAL_7101	10568	612	3514	5826	4556	482	1158	970	2802	244	1060	1196	7768	632	6346	28	342	500	4396	2762	368	114	1486	2384	688	138	708	328	5184	64	376	264	112	54	814	740	17370	1552	5590	148	2078	842	1432	78	638	84	2992	1002	2016	26	1012	12	344	4	4814	210	6822	172	4292	384	36	2	0	90	10	30	6016	1042	14868	22	5556	1046	22346	1492	11084	188	0	5556	10	0	6	12	1676	92	824	18	1706	124	282	28	14602	4200	12072	5082	21676	958	13468	980	5596	1620	5902	3236	10812	3490	9604	1042	1936	1074	5368	3876	1730	1244	6866	1996	1200	530	
743712	sub-C016_preop3T_AAL_7102	764	14712	282	12856	982	3850	148	1330	1444	4106	232	2278	962	6322	1806	2510	20	572	294	5498	30	452	262	3918	192	1954	140	1416	358	1558	28	34	142	38	2344	2672	1614	15522	176	5828	68	6588	490	1198	442	2394	512	11602	1190	1590	150	298	32	28	306	3306	612	9286	1802	7014	8	122	0	148	0	306	3618	7320	2234	2232	1052	18808	3118	18198	754	10090	5556	0	4	6	4	36	260	1854	204	346	222	4020	10	340	5396	10648	5060	9750	2000	15310	2616	1374	1518	7172	4124	2572	4738	12192	2286	7684	678	3030	5764	8538	1590	4702	12374	2338	5620	3358	
43084	sub-C016_preop3T_AAL_8101	146	0	20	40	62	2	22	16	116	0	44	2	442	0	360	0	1410	2	18	34	14	0	14	6	36	2	2	0	2854	0	2	0	2	0	6	4	10	2	2	0	14	2	0	0	2	2	0	0	160	0	478	0	42	0	12	0	1416	0	2978	0	772	0	560	0	44	0	1732	20	0	0	66	2	1730	0	52	0	10	4	0	0	4994	2	266	0	322	0	2	0	158	0	0	0	2	0	0	0	0	0	0	0	2	0	0	0	0	0	0	0	2	2	0	0	0	0	0	0	
21960	sub-C016_preop3T_AAL_8102	0	0	0	8	0	4	0	0	0	0	0	100	0	58	0	2	0	1050	0	4	0	0	0	4	0	2	0	4	0	550	0	0	0	0	6	6	0	8	0	2	0	6	0	6	0	774	0	2	6	276	0	174	0	2	0	8	0	50	4	1878	0	4	0	102	0	4	94	1582	0	0	0	4	0	244	0	6	0	6	0	0	0	3788	0	62	0	68	0	10	0	8	0	0	0	0	0	4	0	0	0	0	0	0	0	0	0	0	0	0	0	0	0	0	0	0	0	0	
153416	sub-C016_preop3T_AAL_8111	1240	0	362	62	6	0	6	6	4	0	2026	6	398	0	186	0	4474	4	382	48	0	0	10	12	2	0	2	0	6370	2	0	0	0	4	6	14	14	0	28	0	22	0	1424	2	1056	4	820	0	3222	4	7312	0	1288	0	276	0	2372	0	4918	4	1684	0	4868	0	130	0	2748	50	2	0	0	2	2666	0	14	0	6	4	4994	0	0	2	3258	0	16194	0	106	0	1562	0	0	2	2	0	0	0	0	0	8	2	2	0	0	0	0	0	0	0	0	0	0	2	2	0	0	0	
198368	sub-C016_preop3T_AAL_8112	0	14	0	142	2	80	0	2	2	6	0	1266	0	1162	2	94	0	2250	2	104	0	26	0	34	0	14	0	108	2	4906	0	0	2	0	130	130	12	436	0	494	2	220	70	4838	118	7518	2	914	102	7862	8	3668	0	236	0	706	2	254	38	6938	0	12	0	8588	0	1032	418	5624	0	0	0	38	4	4460	2	56	12	36	2	3788	2	0	0	5960	0	17208	0	4408	0	2526	0	14	0	6	0	14	2	0	0	10	0	0	2	2	0	12	0	2	2	6	0	2	8	2	2	4	
