data	data	373240	331532	774312	1.06407e+06	541360	314964	387268	476272	314540	111060	113976	135644	188728	261248	269732	215296	96628	100992	394320	380840	225984	238152	400716	613200	122368	250076	251384	255008	223756	166756	379780	471392	186556	209608	388228	459716	642296	695716	360568	479628	180792	312612	646224	548192	343344	396516	575636	387396	452852	317908	297252	105564	133664	107680	578512	533064	376628	278468	309536	256644	277556	133188	106248	175688	65384	107912	628316	684672	173484	79796	379232	642708	811856	640728	269408	299620	689984	772772	60356	63472	270112	210388	321456	183048	413308	242264	294980	252700	392628	239424	623144	473588	472380	448640	142684	82468	504060	353796	636236	585172	487992	163228	545620	393972	287376	185540	422496	402096	119940	84232	324192	319028	402640	201480	164832	115140	
data	data	sub-C008_preop3T_AAL_2001	sub-C008_preop3T_AAL_2002	sub-C008_preop3T_AAL_2101	sub-C008_preop3T_AAL_2102	sub-C008_preop3T_AAL_2111	sub-C008_preop3T_AAL_2112	sub-C008_preop3T_AAL_2201	sub-C008_preop3T_AAL_2202	sub-C008_preop3T_AAL_2211	sub-C008_preop3T_AAL_2212	sub-C008_preop3T_AAL_2301	sub-C008_preop3T_AAL_2302	sub-C008_preop3T_AAL_2311	sub-C008_preop3T_AAL_2312	sub-C008_preop3T_AAL_2321	sub-C008_preop3T_AAL_2322	sub-C008_preop3T_AAL_2331	sub-C008_preop3T_AAL_2332	sub-C008_preop3T_AAL_2401	sub-C008_preop3T_AAL_2402	sub-C008_preop3T_AAL_2501	sub-C008_preop3T_AAL_2502	sub-C008_preop3T_AAL_2601	sub-C008_preop3T_AAL_2602	sub-C008_preop3T_AAL_2611	sub-C008_preop3T_AAL_2612	sub-C008_preop3T_AAL_2701	sub-C008_preop3T_AAL_2702	sub-C008_preop3T_AAL_3001	sub-C008_preop3T_AAL_3002	sub-C008_preop3T_AAL_4001	sub-C008_preop3T_AAL_4002	sub-C008_preop3T_AAL_4011	sub-C008_preop3T_AAL_4012	sub-C008_preop3T_AAL_4021	sub-C008_preop3T_AAL_4022	sub-C008_preop3T_AAL_4101	sub-C008_preop3T_AAL_4102	sub-C008_preop3T_AAL_4111	sub-C008_preop3T_AAL_4112	sub-C008_preop3T_AAL_4201	sub-C008_preop3T_AAL_4202	sub-C008_preop3T_AAL_5001	sub-C008_preop3T_AAL_5002	sub-C008_preop3T_AAL_5011	sub-C008_preop3T_AAL_5012	sub-C008_preop3T_AAL_5021	sub-C008_preop3T_AAL_5022	sub-C008_preop3T_AAL_5101	sub-C008_preop3T_AAL_5102	sub-C008_preop3T_AAL_5201	sub-C008_preop3T_AAL_5202	sub-C008_preop3T_AAL_5301	sub-C008_preop3T_AAL_5302	sub-C008_preop3T_AAL_5401	sub-C008_preop3T_AAL_5402	sub-C008_preop3T_AAL_6001	sub-C008_preop3T_AAL_6002	sub-C008_preop3T_AAL_6101	sub-C008_preop3T_AAL_6102	sub-C008_preop3T_AAL_6201	sub-C008_preop3T_AAL_6202	sub-C008_preop3T_AAL_6211	sub-C008_preop3T_AAL_6212	sub-C008_preop3T_AAL_6221	sub-C008_preop3T_AAL_6222	sub-C008_preop3T_AAL_6301	sub-C008_preop3T_AAL_6302	sub-C008_preop3T_AAL_6401	sub-C008_preop3T_AAL_6402	sub-C008_preop3T_AAL_7001	sub-C008_preop3T_AAL_7002	sub-C008_preop3T_AAL_7011	sub-C008_preop3T_AAL_7012	sub-C008_preop3T_AAL_7021	sub-C008_preop3T_AAL_7022	sub-C008_preop3T_AAL_7101	sub-C008_preop3T_AAL_7102	sub-C008_preop3T_AAL_8101	sub-C008_preop3T_AAL_8102	sub-C008_preop3T_AAL_8111	sub-C008_preop3T_AAL_8112	sub-C008_preop3T_AAL_8121	sub-C008_preop3T_AAL_8122	sub-C008_preop3T_AAL_8201	sub-C008_preop3T_AAL_8202	sub-C008_preop3T_AAL_8211	sub-C008_preop3T_AAL_8212	sub-C008_preop3T_AAL_8301	sub-C008_preop3T_AAL_8302	sub-C008_preop3T_AAL_9001	sub-C008_preop3T_AAL_9002	sub-C008_preop3T_AAL_9011	sub-C008_preop3T_AAL_9012	sub-C008_preop3T_AAL_9021	sub-C008_preop3T_AAL_9022	sub-C008_preop3T_AAL_9031	sub-C008_preop3T_AAL_9032	sub-C008_preop3T_AAL_9041	sub-C008_preop3T_AAL_9042	sub-C008_preop3T_AAL_9051	sub-C008_preop3T_AAL_9052	sub-C008_preop3T_AAL_9061	sub-C008_preop3T_AAL_9062	sub-C008_preop3T_AAL_9071	sub-C008_preop3T_AAL_9072	sub-C008_preop3T_AAL_9081	sub-C008_preop3T_AAL_9082	sub-C008_preop3T_AAL_9100	sub-C008_preop3T_AAL_9110	sub-C008_preop3T_AAL_9120	sub-C008_preop3T_AAL_9130	sub-C008_preop3T_AAL_9140	sub-C008_preop3T_AAL_9150	sub-C008_preop3T_AAL_9160	sub-C008_preop3T_AAL_9170	
373240	sub-C008_preop3T_AAL_2001	0	5734	7102	5256	106	158	11356	2502	70	36	11184	210	5216	156	46	66	4490	30	4038	4616	38	200	62	342	0	120	42	160	1420	28	10	16	28	86	22	30	4254	342	128	160	148	170	174	76	90	46	138	70	300	64	270	6	230	14	886	132	29188	316	394	302	9254	4	4740	64	1076	14	62	188	8596	84	1256	1226	6138	1352	4068	1348	9854	2752	840	6	4910	36	602	34	9090	162	98	92	8112	154	736	448	474	176	904	132	464	236	538	450	244	38	570	154	782	162	176	156	44	18	212	78	210	38	32	62	
331532	sub-C008_preop3T_AAL_2002	5734	0	884	14016	64	166	156	16114	40	60	10	7804	20	2678	18	132	10	1092	3838	4384	32	300	4	144	0	118	30	190	14	76	16	20	468	166	14	32	324	888	124	276	98	276	50	58	20	46	124	54	28	66	14	400	4	10	278	152	2446	21302	490	1412	68	7276	0	4816	0	4730	1082	82	8482	6412	342	2160	560	1588	878	3784	1212	18622	0	2	0	44	42	54	36	3070	64	138	76	1776	624	672	426	442	320	344	564	576	562	892	320	264	350	564	258	1006	366	272	108	230	452	258	492	74	76	74	
774312	sub-C008_preop3T_AAL_2101	7102	884	0	29176	6642	1266	49060	4862	5718	378	3610	266	7924	984	3276	132	182	24	37176	8834	296	232	42950	19624	706	696	480	312	1878	14	12206	16960	6748	2170	3108	892	2504	524	650	172	294	132	6218	502	1578	338	4160	168	2728	160	1332	2	542	8	956	120	322	124	856	232	278	4	2	12	0	2	6472	1468	2132	26	5820	1130	25992	1416	10508	1468	17092	1928	234	0	172	10	856	34	242	46	996	116	900	58	562	128	376	74	666	78	292	140	560	160	272	46	590	104	1098	142	278	90	68	80	180	46	168	56	46	52	
1.06407e+06	sub-C008_preop3T_AAL_2102	5256	14016	29176	0	7558	4782	10408	51032	808	5230	80	4922	658	12670	224	1332	12	606	20114	47296	1322	1046	20002	70504	2624	2990	1236	848	140	376	14046	31318	1962	8410	408	3048	1446	4328	600	2342	220	1774	802	2198	330	400	814	3612	240	546	74	240	24	302	562	3072	864	1006	282	400	134	248	0	516	0	526	1092	4640	2598	316	1554	20388	2872	18290	2300	11306	3526	29958	2	70	2	404	258	216	194	1048	396	712	212	744	2010	1326	1448	1158	250	344	1506	750	1594	1124	716	522	618	1260	282	3766	480	340	556	242	696	322	916	156	524	1670	
541360	sub-C008_preop3T_AAL_2111	106	64	6642	7558	0	9368	1212	620	25380	44	40	8	166	56	14374	1042	8	2	52	30	8364	7058	7104	8400	6898	8878	15186	8116	4454	952	11044	12344	790	276	1218	740	6084	4864	4894	2422	2930	1708	2856	1738	612	792	5444	1058	626	442	492	6	304	18	1080	726	170	74	196	156	94	0	0	2	0	0	1052	1994	36	18	7328	1916	16378	1204	2722	310	4894	3076	8	4	122	8	7270	882	4320	8	4126	704	818	46	282	92	136	48	224	110	126	76	290	106	120	18	242	58	392	78	140	46	86	78	74	18	78	30	48	58	
314964	sub-C008_preop3T_AAL_2112	158	166	1266	4782	9368	0	390	1584	2362	8058	0	12	16	74	944	9508	0	12	22	24	3844	5248	1326	3178	1848	13668	3678	14434	274	2482	5082	5808	134	50	134	208	900	4454	582	4600	298	5054	252	952	100	208	352	3138	38	298	8	66	10	712	146	3202	164	106	112	78	44	0	0	4	0	2	212	364	116	20	1974	5962	584	8980	100	728	848	3110	0	0	0	118	378	4034	154	24	256	2338	80	82	28	34	20	32	24	14	24	30	22	222	12	10	26	24	20	96	20	28	74	22	12	84	18	10	36	56	
387268	sub-C008_preop3T_AAL_2201	11356	156	49060	10408	1212	390	0	3024	4958	322	3962	124	17276	1068	3050	134	22	6	2468	412	206	278	8710	8364	52	200	222	176	1982	20	1268	4278	820	246	628	410	1560	480	310	160	192	142	4274	218	640	220	3404	104	2272	126	1042	2	556	10	692	126	448	106	584	216	210	2	6	12	6	4	1314	506	58	26	6326	1022	12650	490	2960	228	6516	996	100	0	54	16	332	42	212	16	602	122	830	32	362	64	160	46	282	48	88	44	380	56	106	28	218	52	332	90	88	36	52	60	52	10	58	16	24	40	
476272	sub-C008_preop3T_AAL_2202	2502	16114	4862	51032	620	1584	3024	0	234	8366	36	5404	352	26148	96	4584	4	738	1750	1638	198	728	2164	17368	112	164	260	258	46	834	184	864	66	24	194	374	1068	3012	328	1406	136	1406	770	2432	250	680	578	3186	120	1374	30	280	8	646	252	2864	720	1564	168	528	92	1394	2	1026	0	1578	342	604	824	92	1026	15538	1262	12930	636	3674	1522	6534	0	166	4	592	106	284	142	2558	244	354	176	2270	424	246	284	210	94	84	450	200	382	388	104	66	112	206	78	626	92	106	158	68	174	104	142	36	182	416	
314540	sub-C008_preop3T_AAL_2211	70	40	5718	808	25380	2362	4958	234	0	40	50	6	1322	44	11794	80	8	0	44	24	522	584	502	1082	80	2010	1046	980	2288	38	1034	1522	156	80	1322	892	4798	4532	1490	1108	1016	634	4838	1924	910	986	6826	1048	722	568	434	4	258	14	874	666	130	64	176	166	86	0	0	2	0	0	896	2006	24	18	3434	1232	20512	1044	3058	292	5276	3068	4	6	80	10	4128	92	3744	6	2512	296	602	40	264	80	178	40	364	86	120	82	314	90	144	18	320	60	590	88	170	34	62	70	90	28	98	26	36	44	
111060	sub-C008_preop3T_AAL_2212	36	60	378	5230	44	8058	322	8366	40	0	0	4	10	812	2	10880	0	4	14	20	12	58	212	1180	6	148	12	806	0	284	20	64	14	6	24	90	142	946	38	434	22	446	180	686	24	92	76	1680	12	298	0	84	0	538	20	972	68	38	50	44	30	0	0	6	0	0	68	108	22	30	102	3736	108	3598	14	654	214	1634	0	2	0	82	6	182	20	16	28	112	20	62	16	34	12	22	6	8	20	14	10	144	2	4	8	20	2	62	4	6	64	8	12	18	16	2	24	32	
113976	sub-C008_preop3T_AAL_2301	11184	10	3610	80	40	0	3962	36	50	0	0	2	12226	26	186	0	4636	0	2852	18	2	2	444	54	0	0	2	0	3184	0	0	2	0	0	0	0	44	14	4	4	4	0	386	4	222	4	68	6	614	4	162	0	30	0	398	4	650	22	90	24	220	0	676	2	10	0	10	20	0	0	18	22	1684	42	168	24	134	42	522	2	2698	2	2024	0	1484	0	8	4	1538	0	116	14	12	6	36	2	10	8	14	12	2	2	6	0	8	0	2	4	0	0	6	0	8	0	0	0	
135644	sub-C008_preop3T_AAL_2302	210	7804	266	4922	8	12	124	5404	6	4	2	0	10	15752	2	274	0	6398	272	3094	4	40	36	928	0	8	2	28	0	5688	0	0	0	0	2	2	50	94	14	88	6	34	26	240	8	168	20	24	18	334	6	24	0	0	28	144	68	1092	26	100	16	748	0	2696	0	176	16	58	34	4	60	376	172	4240	166	914	210	780	2	104	0	1088	2	514	0	590	14	28	26	398	54	30	32	22	10	16	34	26	36	26	20	8	18	16	8	40	4	10	0	4	16	4	20	2	0	20	
188728	sub-C008_preop3T_AAL_2311	5216	20	7924	658	166	16	17276	352	1322	10	12226	10	0	278	6672	6	516	0	2760	16	36	20	2224	596	0	16	26	8	7938	4	86	206	16	32	66	78	420	98	108	40	52	22	1876	24	478	32	1166	16	2232	48	1046	0	388	0	318	34	180	34	330	44	146	0	276	0	0	0	212	80	8	2	1886	196	7562	128	950	56	2136	202	216	2	1024	2	1066	2	688	2	264	20	790	8	138	16	28	14	86	12	28	10	128	12	12	8	30	10	38	20	10	6	4	10	18	4	12	2	0	2	
261248	sub-C008_preop3T_AAL_2312	156	2678	984	12670	56	74	1068	26148	44	812	26	15752	278	0	8	5840	0	1416	402	3014	60	276	518	4582	0	52	20	98	8	6142	32	28	8	6	54	116	128	830	30	460	20	254	404	2382	34	1030	50	1124	82	2210	22	186	4	278	66	844	68	480	64	386	30	90	0	2194	0	28	102	370	34	20	422	8342	500	11964	262	2104	574	2990	2	290	0	1008	14	380	4	778	56	208	54	738	124	124	92	112	36	32	116	118	112	196	44	30	44	80	38	298	30	76	72	24	64	12	62	8	78	182	
269732	sub-C008_preop3T_AAL_2321	46	18	3276	224	14374	944	3050	96	11794	2	186	2	6672	8	0	320	96	0	50	4	2914	2350	184	238	258	628	6664	1454	11388	296	592	326	64	38	200	160	2856	572	5180	604	2992	618	4766	268	536	128	4378	106	2648	60	1888	0	536	4	574	70	48	26	88	26	48	0	4	0	0	0	306	254	4	0	3266	654	8246	182	534	28	1344	244	66	2	2444	2	12536	370	1932	2	2618	250	220	8	294	48	68	24	102	42	56	32	260	50	50	10	72	12	76	24	28	8	30	40	28	2	30	8	8	12	
215296	sub-C008_preop3T_AAL_2322	66	132	132	1332	1042	9508	134	4584	80	10880	0	274	6	5840	320	0	0	42	18	14	1026	3336	62	460	46	1350	1086	3754	88	10436	390	374	20	28	32	212	262	1978	152	3018	132	3900	460	1754	16	428	88	3282	20	1146	4	124	0	942	44	1440	48	40	28	70	20	0	0	36	0	2	90	286	60	20	870	6762	160	9470	26	954	328	2046	0	24	0	1514	142	5318	38	342	134	908	48	226	36	72	30	52	38	12	36	32	34	324	18	10	30	40	24	164	12	64	108	12	22	32	28	6	40	68	
96628	sub-C008_preop3T_AAL_2331	4490	10	182	12	8	0	22	4	8	0	4636	0	516	0	96	0	0	0	160	4	0	0	36	2	0	0	0	0	5704	0	0	0	0	0	2	2	52	4	82	0	0	0	290	4	240	2	26	4	658	0	680	0	16	0	456	0	4120	6	1046	6	806	0	3218	2	0	0	68	12	0	0	0	4	1784	8	180	8	86	14	5378	0	9100	0	1648	0	1220	0	12	2	876	0	94	12	20	8	34	2	20	8	26	12	4	2	6	6	6	10	6	4	0	0	6	4	12	0	0	0	
100992	sub-C008_preop3T_AAL_2332	30	1092	24	606	2	12	6	738	0	4	0	6398	0	1416	0	42	0	0	24	178	0	8	4	372	0	12	2	22	2	6486	0	0	0	0	0	16	14	96	4	182	0	12	2	96	2	104	4	20	0	268	2	8	0	0	2	324	20	4502	8	816	6	1512	0	6710	0	4	22	442	12	2	4	78	30	5508	46	418	28	230	0	3356	0	6078	0	1216	0	290	0	14	0	264	24	16	10	4	2	16	12	30	20	24	12	2	8	10	6	8	10	6	0	2	6	2	6	4	2	2	
394320	sub-C008_preop3T_AAL_2401	4038	3838	37176	20114	52	22	2468	1750	44	14	2852	272	2760	402	50	18	160	24	0	22880	20	34	5582	3718	0	16	10	10	428	2	6650	6592	6432	5194	368	258	456	132	170	58	46	46	700	96	328	54	350	62	728	42	350	2	38	2	164	22	314	104	440	104	126	4	2	8	0	2	2756	1230	6900	196	798	692	10956	1516	6954	1758	14862	1558	104	0	100	0	410	8	62	34	208	20	204	38	454	122	400	52	738	38	436	154	486	160	266	28	628	90	1534	70	304	94	34	20	198	46	160	44	26	16	
380840	sub-C008_preop3T_AAL_2402	4616	4384	8834	47296	30	24	412	1638	24	20	18	3094	16	3014	4	14	4	178	22880	0	2	18	1356	6582	4	18	10	22	2	64	6748	6954	2122	9854	94	218	98	114	82	56	32	30	52	104	32	48	76	76	38	62	26	8	0	4	162	50	712	378	156	164	38	8	0	158	0	16	804	2460	7134	5012	142	3766	656	4532	774	4018	1368	12592	0	4	0	54	22	8	0	320	44	38	16	192	1238	764	916	658	160	196	732	336	902	536	472	298	398	720	182	1982	242	142	164	98	318	132	566	82	134	748	
225984	sub-C008_preop3T_AAL_2501	38	32	296	1322	8364	3844	206	198	522	12	2	4	36	60	2914	1026	0	0	20	2	0	6796	1198	1830	4886	5906	12058	5942	1868	986	11368	7034	1736	570	412	324	1742	1138	2938	1298	1592	1602	298	272	116	58	314	126	70	36	42	2	24	6	102	132	32	20	24	16	16	0	2	0	0	0	544	640	14	8	8136	910	894	220	64	74	274	490	2	0	18	0	3194	716	336	2	1602	332	222	18	32	40	16	16	16	44	32	28	28	46	20	2	16	6	8	18	16	16	6	12	12	4	10	2	2	4	
238152	sub-C008_preop3T_AAL_2502	200	300	232	1046	7058	5248	278	728	584	58	2	40	20	276	2350	3336	0	8	34	18	6796	0	418	1154	1110	6642	7636	12366	894	3396	3926	6520	392	1538	76	688	716	3148	842	4882	552	5304	104	368	38	106	156	258	36	114	14	20	6	42	110	604	72	126	42	64	30	0	0	2	0	0	246	916	72	30	5884	7590	474	1610	90	292	474	1290	0	0	0	2	1174	2532	88	10	598	1694	84	48	28	62	30	24	38	24	40	34	32	70	24	6	36	14	34	60	16	26	44	10	18	8	22	10	16	28	
400716	sub-C008_preop3T_AAL_2601	62	4	42950	20002	7104	1326	8710	2164	502	212	444	36	2224	518	184	62	36	4	5582	1356	1198	418	0	20178	4908	2508	1290	818	584	16	13762	15720	7016	2788	2596	922	752	232	262	120	172	82	2230	384	972	100	504	170	1090	46	560	0	80	4	274	64	90	20	454	56	132	0	0	2	0	0	5738	1594	20	6	1110	160	6416	148	2218	82	3140	234	172	0	46	4	306	22	110	4	372	52	268	10	70	20	52	22	136	24	78	42	64	18	28	16	94	24	140	36	44	14	8	16	58	6	26	6	12	16	
613200	sub-C008_preop3T_AAL_2602	342	144	19624	70504	8400	3178	8364	17368	1082	1180	54	928	596	4582	238	460	2	372	3718	6582	1830	1154	20178	0	3118	5052	1586	1478	136	340	9266	26236	904	5374	318	2550	1174	3096	456	1746	174	1368	622	1686	276	316	674	2380	182	404	46	28	20	186	388	2124	174	140	132	230	88	6	0	312	0	4	692	3196	102	64	1454	14434	1640	10102	808	4888	1894	9756	2	64	2	298	234	174	168	180	346	496	176	246	676	424	466	362	106	134	780	398	678	456	206	126	192	364	102	1226	184	172	324	126	364	160	232	62	334	860	
122368	sub-C008_preop3T_AAL_2611	0	0	706	2624	6898	1848	52	112	80	6	0	0	0	0	258	46	0	0	0	4	4886	1110	4908	3118	0	3598	7030	2316	136	42	9410	4984	2084	228	652	56	78	50	116	60	80	72	378	52	208	14	8	16	8	8	4	0	0	2	4	4	4	6	8	8	0	0	0	0	0	0	914	296	4	4	878	84	116	8	34	4	76	14	0	0	4	0	150	40	20	0	64	14	8	0	4	0	4	2	10	4	4	2	6	2	2	2	8	2	10	0	2	2	0	2	2	0	2	0	0	0	
250076	sub-C008_preop3T_AAL_2612	120	118	696	2990	8878	13668	200	164	2010	148	0	8	16	52	628	1350	0	12	16	18	5906	6642	2508	5052	3598	0	4486	11804	206	856	7828	13362	374	2392	100	1042	476	1810	336	1876	158	2646	116	392	56	88	156	650	22	110	4	30	6	118	76	1044	108	78	82	50	36	0	0	4	0	2	304	1248	94	16	1778	3650	360	3528	54	290	466	1356	0	0	0	16	324	1602	90	12	210	1432	40	34	12	20	8	14	12	6	8	10	12	46	8	4	14	6	12	34	12	12	18	8	2	26	12	8	14	18	
251384	sub-C008_preop3T_AAL_2701	42	30	480	1236	15186	3678	222	260	1046	12	2	2	26	20	6664	1086	0	2	10	10	12058	7636	1290	1586	7030	4486	0	7388	2072	1042	8232	4596	1858	358	620	210	1982	794	3400	1572	1742	1314	388	134	176	42	300	92	100	24	94	0	50	4	350	78	44	34	24	32	20	0	2	0	0	0	760	428	12	8	7996	924	1928	190	682	32	1118	334	2	0	28	0	3334	920	450	2	1892	502	358	6	34	38	18	12	12	38	26	22	26	48	18	2	18	8	12	28	16	16	28	20	8	6	22	8	12	22	
255008	sub-C008_preop3T_AAL_2702	160	190	312	848	8116	14434	176	258	980	806	0	28	8	98	1454	3754	0	22	10	22	5942	12366	818	1478	2316	11804	7388	0	496	2548	4984	7560	292	1042	78	532	526	2266	570	4434	364	4760	98	358	36	108	128	376	18	124	8	26	6	110	110	650	48	84	26	36	10	0	0	2	0	0	262	802	102	24	3638	3342	344	2752	62	302	424	994	0	0	0	16	632	3368	80	12	330	2558	76	52	28	52	24	24	18	10	22	14	24	64	24	6	34	18	26	76	18	28	72	6	4	10	22	14	38	54	
223756	sub-C008_preop3T_AAL_3001	1420	14	1878	140	4454	274	1982	46	2288	0	3184	0	7938	8	11388	88	5704	2	428	2	1868	894	584	136	136	206	2072	496	0	92	122	122	14	14	48	48	916	210	1356	250	1298	280	4334	94	954	32	3056	52	4536	8	2654	0	712	2	740	40	454	12	874	10	380	0	122	2	2	0	338	76	4	0	1158	326	16146	104	252	22	456	104	2414	0	5038	2	9334	160	804	2	1810	126	680	2	366	28	28	10	44	20	34	12	336	24	20	2	22	6	12	8	12	2	8	14	12	2	14	2	4	8	
166756	sub-C008_preop3T_AAL_3002	28	76	14	376	952	2482	20	834	38	284	0	5688	4	6142	296	10436	0	6486	2	64	986	3396	16	340	42	856	1042	2548	92	0	408	362	18	24	10	112	140	682	114	1400	90	2196	40	822	6	476	34	302	14	1108	4	50	0	128	18	558	12	84	6	306	8	4	0	1580	0	4	42	344	32	2	710	1356	82	13240	20	124	100	440	0	1542	0	4692	126	4252	14	368	88	278	30	336	18	30	14	16	24	6	16	40	22	38	14	4	20	12	22	58	10	28	34	4	10	6	8	8	16	22	
379780	sub-C008_preop3T_AAL_4001	10	16	12206	14046	11044	5082	1268	184	1034	20	0	0	86	32	592	390	0	0	6650	6748	11368	3926	13762	9266	9410	7828	8232	4984	122	408	0	23468	10946	3556	3158	944	266	226	364	406	160	456	1850	398	926	70	112	150	34	24	2	0	2	2	20	26	20	46	22	22	10	0	0	0	0	0	5882	1796	28	60	3518	432	400	102	34	16	102	100	0	2	0	4	258	256	36	4	134	106	14	4	12	16	6	10	0	14	14	8	12	16	6	4	6	6	4	10	6	6	4	16	8	2	8	2	2	4	
471392	sub-C008_preop3T_AAL_4002	16	20	16960	31318	12344	5808	4278	864	1522	64	2	0	206	28	326	374	0	0	6592	6954	7034	6520	15720	26236	4984	13362	4596	7560	122	362	23468	0	2292	12912	292	5364	144	1098	128	1170	80	478	162	1236	90	34	76	940	26	14	2	0	6	0	14	106	24	36	26	10	10	0	0	0	0	0	988	5802	30	40	1832	818	242	114	32	28	112	184	0	4	0	10	210	258	48	8	134	206	0	10	10	16	4	10	4	8	10	10	12	18	6	4	2	2	4	10	6	4	8	2	2	2	10	2	4	6	
186556	sub-C008_preop3T_AAL_4011	28	468	6748	1962	790	134	820	66	156	14	0	0	16	8	64	20	0	0	6432	2122	1736	392	7016	904	2084	374	1858	292	14	18	10946	2292	0	4830	6780	558	662	64	358	58	108	56	3372	306	1914	148	582	72	74	34	0	0	0	4	102	14	296	362	268	208	10	0	0	0	0	0	17944	2502	1458	556	740	70	282	22	22	2	102	38	0	0	0	0	74	24	14	0	186	14	34	2	12	10	12	8	4	8	16	4	10	6	6	6	10	10	4	0	0	2	4	18	8	0	6	4	4	6	
209608	sub-C008_preop3T_AAL_4012	86	166	2170	8410	276	50	246	24	80	6	0	0	32	6	38	28	0	0	5194	9854	570	1538	2788	5374	228	2392	358	1042	14	24	3556	12912	4830	0	962	7238	174	1112	90	1026	42	170	314	1520	160	52	138	1272	12	8	2	0	2	0	18	100	1110	654	806	518	36	0	0	0	0	0	4180	14362	2692	2318	324	324	122	12	2	4	40	130	4	8	4	22	38	70	54	18	56	156	6	6	0	0	0	0	2	2	0	4	0	0	0	0	0	0	0	2	0	0	2	2	6	0	0	0	2	2	
388228	sub-C008_preop3T_AAL_4021	22	14	3108	408	1218	134	628	194	1322	24	0	2	66	54	200	32	2	0	368	94	412	76	2596	318	652	100	620	78	48	10	3158	292	6780	962	0	23730	8246	4600	2594	710	624	206	14514	8488	10628	13488	5398	996	8710	7810	240	32	24	16	1014	410	66	128	1510	1824	72	0	2	4	0	0	23282	17796	12	90	852	632	2298	476	282	530	2022	1638	10	10	8	36	286	56	484	14	758	176	274	54	194	66	178	50	60	56	222	64	166	80	92	28	88	62	48	56	36	46	16	130	80	30	84	8	8	14	
459716	sub-C008_preop3T_AAL_4022	30	32	892	3048	740	208	410	374	892	90	0	2	78	116	160	212	2	16	258	218	324	688	922	2550	56	1042	210	532	48	112	944	5364	558	7238	23730	0	8066	10290	838	6154	276	960	13904	12584	10912	16136	3152	3016	9186	8466	242	116	30	180	478	1566	116	42	1506	2036	78	4	2	16	0	0	18768	30634	56	10	904	1986	1706	1034	274	1244	2032	3780	10	134	8	306	126	242	232	192	296	866	196	72	220	94	208	44	78	74	256	104	188	140	116	18	100	62	46	58	38	62	16	128	86	48	92	6	10	10	
642296	sub-C008_preop3T_AAL_4101	4254	324	2504	1446	6084	900	1560	1068	4798	142	44	50	420	128	2856	262	52	14	456	98	1742	716	752	1174	78	476	1982	526	916	140	266	144	662	174	8246	8066	0	15842	19644	3752	10190	2196	12188	14260	7320	6132	13992	4070	4270	1054	638	34	246	46	11390	2510	1926	206	1030	358	430	2	14	20	0	0	12762	11360	1306	38	10898	3414	14232	3106	4754	606	23714	6648	24	10	116	36	4976	232	3314	34	12558	732	10304	194	434	566	530	296	462	258	804	290	410	528	460	102	596	202	518	148	256	122	224	286	234	72	292	86	154	170	
695716	sub-C008_preop3T_AAL_4102	342	888	524	4328	4864	4454	480	3012	4532	946	14	94	98	830	572	1978	4	96	132	114	1138	3148	232	3096	50	1810	794	2266	210	682	226	1098	64	1112	4600	10290	15842	0	3942	33004	1488	15760	5680	13030	3366	5182	7696	13318	1012	2454	80	674	44	1506	1722	20962	446	760	478	806	128	8	2	72	0	16	6036	16672	202	86	2376	18948	6968	14382	520	5530	7944	28044	0	360	20	1016	704	2374	2040	912	1548	12086	994	3996	264	386	190	186	180	306	390	330	240	734	184	42	180	104	106	128	166	96	156	212	256	226	176	66	100	100	
360568	sub-C008_preop3T_AAL_4111	128	124	650	600	4894	582	310	328	1490	38	4	14	108	30	5180	152	82	4	170	82	2938	842	262	456	116	336	3400	570	1356	114	364	128	358	90	2594	838	19644	3942	0	1402	10124	930	4178	2020	1154	600	12020	1248	812	154	1468	16	186	18	15896	840	394	132	778	184	514	0	104	4	12	0	6172	1716	50	28	4034	1310	4618	1004	872	306	8358	2000	110	0	440	8	8330	146	1522	26	9170	284	5784	52	1296	570	788	298	310	312	2794	762	1338	686	766	124	614	288	470	148	412	328	266	214	1132	340	600	226	160	196	
479628	sub-C008_preop3T_AAL_4112	160	276	172	2342	2422	4600	160	1406	1108	434	4	88	40	460	604	3018	0	182	58	56	1298	4882	120	1746	60	1876	1572	4434	250	1400	406	1170	58	1026	710	6154	3752	33004	1402	0	604	17472	586	5086	372	2874	1574	7532	164	1496	32	932	24	1038	484	24402	140	214	178	254	40	12	0	52	0	20	2040	11016	114	22	1944	10404	1694	7010	194	2840	2832	13266	0	1582	6	3258	502	6020	958	2796	622	11576	260	4484	168	298	164	178	122	464	222	756	158	338	166	52	200	166	112	540	122	182	336	92	154	82	146	78	234	352	
180792	sub-C008_preop3T_AAL_4201	148	98	294	220	2930	298	192	136	1016	22	4	6	52	20	2992	132	0	0	46	32	1592	552	172	174	80	158	1742	364	1298	90	160	80	108	42	624	276	10190	1488	10124	604	0	546	610	592	212	142	2290	420	242	70	102	2	48	10	1672	358	120	100	134	78	76	0	2	0	0	0	782	548	20	6	4152	638	6672	378	700	148	4856	1134	0	0	20	0	7516	132	1114	6	8106	270	1846	28	244	164	386	118	304	62	288	96	192	126	290	62	530	140	620	124	148	46	222	86	128	22	170	54	116	204	
312612	sub-C008_preop3T_AAL_4202	170	276	132	1774	1708	5054	142	1406	634	446	0	34	22	254	618	3900	0	12	46	30	1602	5304	82	1368	72	2646	1314	4760	280	2196	456	478	56	170	206	960	2196	15760	930	17472	546	0	296	952	92	432	784	2220	80	456	24	74	26	264	356	8882	122	106	86	76	48	0	0	2	0	4	452	1550	144	20	1756	9698	1200	8488	180	1918	2118	8170	0	2	2	20	560	6702	426	30	638	14136	242	458	186	432	158	240	90	88	182	166	160	500	200	60	264	264	170	664	172	222	576	58	128	156	204	144	434	584	
646224	sub-C008_preop3T_AAL_5001	174	50	6218	802	2856	252	4274	770	4838	180	386	26	1876	404	4766	460	290	2	700	52	298	104	2230	622	378	116	388	98	4334	40	1850	162	3372	314	14514	13904	12188	5680	4178	586	610	296	0	15446	23382	11124	30300	5126	24976	4672	5848	44	3956	22	2982	770	102	116	608	426	62	0	2	6	2	0	25300	11278	24	22	1938	1822	16672	1924	1240	462	3964	1988	10	10	6532	58	6126	80	7042	74	2542	218	2426	52	1060	114	182	90	388	114	658	186	922	122	118	62	142	110	84	90	202	88	64	314	376	36	82	24	34	36	
548192	sub-C008_preop3T_AAL_5002	76	58	502	2198	1738	952	218	2432	1924	686	4	240	24	2382	268	1754	4	96	96	104	272	368	384	1686	52	392	134	358	94	822	398	1236	306	1520	8488	12584	14260	13030	2020	5086	592	952	15446	0	9640	25956	6440	22514	3904	15622	24	4240	12	4174	966	5176	118	66	142	108	30	2	4	28	0	0	13180	21348	38	6	570	5846	2682	9830	174	3786	2694	5012	0	100	8	2328	216	2232	898	1560	476	1586	378	992	86	140	74	86	72	302	182	166	102	256	64	32	84	154	48	110	78	132	60	122	178	56	74	36	44	16	
343344	sub-C008_preop3T_AAL_5011	90	20	1578	330	612	100	640	250	910	24	222	8	478	34	536	16	240	2	328	32	116	38	972	276	208	56	176	36	954	6	926	90	1914	160	10628	10912	7320	3366	1154	372	212	92	23382	9640	0	9772	5522	1102	18252	3922	1502	20	44	8	822	354	62	50	856	446	54	0	4	2	0	0	18236	10410	4	4	412	490	3054	452	314	118	1000	784	12	10	3696	24	1912	18	4860	16	874	72	1164	20	156	52	126	34	90	52	192	48	138	46	54	22	46	34	14	44	44	24	12	106	44	18	58	4	2	6	
396516	sub-C008_preop3T_AAL_5012	46	46	338	400	792	208	220	680	986	92	4	168	32	1030	128	428	2	104	54	48	58	106	100	316	14	88	42	108	32	476	70	34	148	52	13488	16136	6132	5182	600	2874	142	432	11124	25956	9772	0	2638	5250	6714	21024	188	1334	18	1070	312	2166	64	46	750	2944	68	2	0	28	0	2	11738	22516	16	8	442	1636	1592	2700	170	1184	1414	2362	6	86	8	2042	42	1356	322	1244	140	728	138	454	124	72	114	44	52	164	168	112	104	112	78	18	80	80	34	60	50	88	32	128	118	38	80	22	22	14	
575636	sub-C008_preop3T_AAL_5021	138	124	4160	814	5444	352	3404	578	6826	76	68	20	1166	50	4378	88	26	4	350	76	314	156	504	674	8	156	300	128	3056	34	112	76	582	138	5398	3152	13992	7696	12020	1574	2290	784	30300	6440	5522	2638	0	3542	7092	956	6832	18	8132	26	19638	1590	136	150	342	194	78	0	2	10	0	2	10124	5332	32	36	2502	1580	17448	1582	788	316	5312	3112	8	8	2346	26	4186	88	8802	18	5024	286	6058	72	4006	698	632	352	462	162	6278	2772	9154	1612	488	106	562	280	324	170	954	888	118	308	3850	2400	894	198	72	66	
387396	sub-C008_preop3T_AAL_5022	70	54	168	3612	1058	3138	104	3186	1048	1680	6	24	16	1124	106	3282	4	20	62	76	126	258	170	2380	16	650	92	376	52	302	150	940	72	1272	996	3016	4070	13318	1248	7532	420	2220	5126	22514	1102	5250	3542	0	274	1358	16	1794	8	6486	1648	14266	110	54	120	108	34	0	2	16	0	0	1278	7818	58	4	418	8138	1484	13404	112	3172	1980	4512	0	116	6	714	150	1590	706	1184	298	2082	182	706	212	310	154	170	88	410	2132	3606	1984	4106	146	56	172	224	150	186	680	954	48	288	2216	2494	318	86	34	20	
452852	sub-C008_preop3T_AAL_5101	300	28	2728	240	626	38	2272	120	722	12	614	18	2232	82	2648	20	658	0	728	38	70	36	1090	182	8	22	100	18	4536	14	34	26	74	12	8710	9186	4270	1012	812	164	242	80	24976	3904	18252	6714	7092	274	0	4416	18474	26	3204	6	2134	154	214	82	6898	424	2378	0	68	4	14	0	12080	6960	18	2	1396	272	10388	204	2016	136	2632	616	656	4	11936	16	7774	20	13184	4	2814	58	3854	16	744	136	390	116	418	98	568	148	472	116	168	72	162	120	90	98	170	110	30	194	142	48	156	22	22	30	
317908	sub-C008_preop3T_AAL_5102	64	66	160	546	442	298	126	1374	568	298	4	334	48	2210	60	1146	0	268	42	62	36	114	46	404	8	110	24	124	8	1108	24	14	34	8	7810	8466	1054	2454	154	1496	70	456	4672	15622	3922	21024	956	1358	4416	0	110	8594	12	2192	124	4282	78	94	488	4140	32	42	0	62	0	2776	5098	11518	14	4	318	2650	978	5212	104	2240	774	2552	0	564	4	5186	28	3514	100	3926	58	2100	54	2268	96	106	68	80	64	252	172	254	112	192	76	26	72	142	32	88	62	132	48	128	152	52	84	28	24	14	
297252	sub-C008_preop3T_AAL_5201	270	14	1332	74	492	8	1042	30	434	0	162	6	1046	22	1888	4	680	2	350	26	42	14	560	46	4	4	94	8	2654	4	2	2	0	2	240	242	638	80	1468	32	102	24	5848	24	1502	188	6832	16	18474	110	0	2	12782	0	11322	18	794	20	12696	62	8734	0	142	0	5048	0	2490	260	2	0	428	50	5382	46	944	38	1112	142	2062	0	5640	0	3556	12	12084	0	2318	12	8468	4	1860	60	190	48	150	34	284	40	1438	54	82	26	76	40	48	40	54	34	14	64	46	32	68	12	10	14	
105564	sub-C008_preop3T_AAL_5202	6	400	2	240	6	66	2	280	4	84	0	24	0	186	0	124	0	8	2	8	2	20	0	28	0	30	0	26	0	50	0	0	0	0	32	116	34	674	16	932	2	74	44	4240	20	1334	18	1794	26	8594	2	0	2	3726	6	4016	6	1582	4	2700	2	958	0	352	0	5770	50	172	2	0	10	580	16	754	12	556	34	368	0	72	0	322	2	376	2	6920	4	706	4	2796	4	16	4	10	6	36	12	90	6	54	6	2	6	20	0	30	4	20	4	2	10	0	4	4	0	0	
133664	sub-C008_preop3T_AAL_5301	230	4	542	24	304	10	556	8	258	0	30	0	388	4	536	0	16	0	38	0	24	6	80	20	0	6	50	6	712	0	2	6	0	2	24	30	246	44	186	24	48	26	3956	12	44	18	8132	8	3204	12	12782	2	0	0	10788	14	530	2	904	10	852	0	8	0	286	0	48	32	4	0	318	18	2068	10	294	6	452	52	10	0	780	0	976	10	3188	0	1086	10	6204	0	3492	8	14	10	62	10	46	18	1394	6	4	8	8	12	6	8	22	8	4	28	24	4	6	2	2	6	
107680	sub-C008_preop3T_AAL_5302	14	10	8	302	18	712	10	646	14	538	0	0	0	278	4	942	0	0	2	4	6	42	4	186	2	118	4	110	2	128	2	0	4	0	16	180	46	1506	18	1038	10	264	22	4174	8	1070	26	6486	6	2192	0	3726	0	0	10	10770	10	16	6	32	2	4	0	2	0	10	66	242	2	0	12	1854	24	2962	6	1296	40	814	0	32	0	394	8	1150	8	2210	10	1348	2	4550	8	68	8	22	0	14	10	114	12	628	10	2	10	20	2	54	8	24	4	0	10	12	8	0	0	2	
578512	sub-C008_preop3T_AAL_5401	886	278	956	562	1080	146	692	252	874	20	398	28	318	66	574	44	456	2	164	162	102	110	274	388	4	76	350	110	740	18	20	14	102	18	1014	478	11390	1722	15896	484	1672	356	2982	966	822	312	19638	1648	2134	124	11322	6	10788	10	0	2392	2080	146	2636	202	2804	0	288	6	262	4	2746	900	46	50	3716	664	4248	508	986	324	7286	1468	306	2	1646	18	2140	38	4864	14	7738	146	28080	68	11742	1770	1788	1446	428	480	15130	8712	24922	8518	3670	154	1682	576	1024	302	4804	4684	218	304	8762	11458	2972	508	216	116	
533064	sub-C008_preop3T_AAL_5402	132	152	120	3072	726	3202	126	2864	666	972	4	144	34	844	70	1440	0	324	22	50	132	604	64	2124	4	1044	78	650	40	558	26	106	14	100	410	1566	2510	20962	840	24402	358	8882	770	5176	354	2166	1590	14266	154	4282	18	4016	14	10770	2392	0	118	180	122	264	24	20	0	144	0	66	926	2978	78	22	410	8956	1072	10914	136	2724	1866	8824	0	2874	2	6136	170	3048	554	6442	366	13092	198	18250	418	3302	280	3056	76	292	2292	4948	3976	12474	436	66	546	1134	260	498	1120	3818	270	72	1992	6416	494	378	274	262	
376628	sub-C008_preop3T_AAL_6001	29188	2446	322	864	170	164	448	720	130	68	650	68	180	68	48	48	4120	20	314	712	32	72	90	174	4	108	44	48	454	12	20	24	296	1110	66	116	1926	446	394	140	120	122	102	118	62	64	136	110	214	78	794	6	530	10	2080	118	0	5968	20494	3344	29354	2	9876	26	1640	2	5628	4318	6572	1618	1030	948	3682	380	2718	354	6566	2302	1968	6	5588	44	160	20	6942	118	126	136	7508	120	766	358	542	186	1248	162	378	170	488	352	294	54	630	174	410	98	118	124	190	74	194	102	286	88	120	162	
278468	sub-C008_preop3T_AAL_6002	316	21302	124	1006	74	106	106	1564	64	38	22	1092	34	480	26	40	6	4502	104	378	20	126	20	140	6	78	34	84	12	84	46	36	362	654	128	42	206	760	132	214	100	106	116	66	50	46	150	54	82	94	20	1582	2	16	146	180	5968	0	3390	18868	1052	12636	6	16940	0	3786	5188	4640	3398	5784	344	1348	434	702	270	1708	634	5844	2	166	10	510	40	48	36	1810	44	76	24	1372	270	306	156	212	80	198	214	238	262	462	170	144	126	326	66	338	182	200	74	70	158	134	260	34	50	48	
309536	sub-C008_preop3T_AAL_6101	394	490	856	282	196	112	584	168	176	50	90	26	330	64	88	28	1046	8	440	156	24	42	454	132	8	82	24	26	874	6	22	26	268	806	1510	1506	1030	478	778	178	134	86	608	142	856	750	342	120	6898	488	12696	4	904	6	2636	122	20494	3390	0	4108	24148	2	372	8	3896	0	18494	5866	644	370	1224	682	2926	198	1362	144	4986	1640	2646	14	3280	36	390	16	2822	46	178	110	4136	48	808	140	438	86	666	142	552	118	462	178	206	40	240	92	96	92	112	88	72	260	140	96	190	52	38	38	
256644	sub-C008_preop3T_AAL_6102	302	1412	232	400	156	78	216	528	166	44	24	100	44	386	26	70	6	816	104	164	16	64	56	230	8	50	32	36	10	306	22	10	208	518	1824	2036	358	806	184	254	78	76	426	108	446	2944	194	108	424	4140	62	2700	10	32	202	264	3344	18868	4108	0	1314	7382	6	5034	0	5906	5058	19196	356	410	562	1128	640	1208	374	1418	1262	5750	2	3112	24	4926	22	196	32	3320	62	84	44	1492	366	370	192	190	162	564	448	512	404	762	246	96	208	414	118	182	266	412	106	170	290	216	322	46	62	42	
277556	sub-C008_preop3T_AAL_6201	9254	68	278	134	94	44	210	92	86	30	220	16	146	30	48	20	806	6	126	38	16	30	132	88	0	36	20	10	380	8	10	10	10	36	72	78	430	128	514	40	76	48	62	30	54	68	78	34	2378	32	8734	2	852	2	2804	24	29354	1052	24148	1314	0	2	12718	10	12816	0	134	1432	12	84	536	356	1194	116	498	70	2418	730	1224	2	2586	14	180	8	6984	16	98	44	7032	12	510	56	148	48	388	60	216	54	192	72	74	24	86	54	22	40	44	40	48	82	70	40	66	34	22	22	
133188	sub-C008_preop3T_AAL_6202	4	7276	4	248	0	0	2	1394	0	0	0	748	0	90	0	0	0	1512	4	8	0	0	0	6	0	0	0	0	0	4	0	0	0	0	0	4	2	8	0	12	0	0	0	2	0	2	0	0	0	42	0	958	0	4	0	20	2	12636	2	7382	2	0	0	18900	0	12888	2	10	0	0	6	2	0	22	6	14	2	72	0	22	0	126	0	16	0	1412	0	8	0	640	2	2	2	6	0	0	0	0	0	2	4	4	2	6	0	28	2	2	0	0	0	0	6	0	0	0	
106248	sub-C008_preop3T_AAL_6211	4740	0	2	0	0	0	6	2	0	0	676	0	276	0	4	0	3218	0	2	0	2	0	0	0	0	0	2	0	122	0	0	0	0	0	2	2	14	2	104	0	2	0	2	4	4	0	2	2	68	0	142	0	8	0	288	0	9876	6	372	6	12718	0	0	0	2818	0	8	10	0	0	0	2	66	0	8	0	16	2	766	0	9688	0	4	0	5132	0	14	0	1866	0	12	0	2	0	10	2	4	2	8	0	0	0	0	0	0	2	2	0	0	0	4	0	0	0	0	0	
175688	sub-C008_preop3T_AAL_6212	64	4816	12	516	2	4	12	1026	2	6	2	2696	0	2194	0	36	2	6710	8	158	0	2	2	312	0	4	0	2	2	1580	0	0	0	0	4	16	20	72	4	52	0	2	6	28	2	28	10	16	4	62	0	352	0	2	6	144	26	16940	8	5034	10	18900	0	0	0	5846	12	92	12	2	6	60	50	2712	62	490	40	420	0	990	0	8730	0	114	0	4052	0	10	0	1800	30	42	20	16	4	12	28	30	28	44	16	4	16	24	6	22	10	16	0	2	20	10	18	6	0	2	
65384	sub-C008_preop3T_AAL_6221	1076	0	0	0	0	0	6	0	0	0	10	0	0	0	0	0	0	0	0	0	0	0	0	0	0	0	0	0	2	0	0	0	0	0	0	0	0	0	12	0	0	0	2	0	0	0	0	0	14	0	5048	0	286	0	262	0	1640	0	3896	0	12816	0	2818	0	0	0	0	0	0	0	0	0	48	0	2	0	0	0	0	0	78	0	2	0	3340	0	0	0	1214	0	116	0	0	0	0	0	0	0	4	0	0	0	0	0	0	0	0	0	0	0	0	0	0	0	0	0	
107912	sub-C008_preop3T_AAL_6222	14	4730	2	526	0	2	4	1578	0	0	0	176	0	28	0	2	0	4	2	16	0	0	0	4	0	2	0	0	0	4	0	0	0	0	0	0	0	16	0	20	0	4	0	0	0	2	2	0	0	2776	0	5770	0	10	4	66	2	3786	0	5906	0	12888	0	5846	0	0	0	144	0	0	4	16	6	60	8	44	0	126	0	58	0	1442	0	14	0	6138	0	12	0	1572	6	8	6	6	0	2	4	4	0	8	4	4	2	6	0	44	2	2	0	0	4	0	8	0	0	0	
628316	sub-C008_preop3T_AAL_6301	62	1082	6472	1092	1052	212	1314	342	896	68	10	16	212	102	306	90	68	22	2756	804	544	246	5738	692	914	304	760	262	338	42	5882	988	17944	4180	23282	18768	12762	6036	6172	2040	782	452	25300	13180	18236	11738	10124	1278	12080	5098	2490	50	48	66	2746	926	5628	5188	18494	5058	134	2	8	12	0	0	0	24458	3642	1100	1224	1162	2690	608	818	426	3632	2478	294	108	168	220	458	106	248	142	1142	394	864	98	360	110	310	68	196	116	520	110	310	122	148	34	156	70	64	58	86	48	34	240	252	62	134	30	26	24	
684672	sub-C008_preop3T_AAL_6302	188	82	1468	4640	1994	364	506	604	2006	108	20	58	80	370	254	286	12	442	1230	2460	640	916	1594	3196	296	1248	428	802	76	344	1796	5802	2502	14362	17796	30634	11360	16672	1716	11016	548	1550	11278	21348	10410	22516	5332	7818	6960	11518	260	172	32	242	900	2978	4318	4640	5866	19196	1432	10	10	92	0	144	24458	0	984	1538	1270	3206	3136	2156	330	1930	3478	6112	14	2196	36	2676	218	488	816	554	504	1344	350	184	256	170	186	86	160	354	374	324	260	366	158	48	152	188	66	98	112	184	60	172	272	120	170	24	30	30	
173484	sub-C008_preop3T_AAL_6401	8596	8482	2132	2598	36	116	58	824	24	22	0	34	8	34	4	60	0	12	6900	7134	14	72	20	102	4	94	12	102	4	32	28	30	1458	2692	12	56	1306	202	50	114	20	144	24	38	4	16	32	58	18	14	2	2	4	2	46	78	6572	3398	644	356	12	0	0	12	0	0	3642	984	0	5096	710	534	402	266	756	296	8882	1084	0	6	0	16	16	30	0	12	28	88	14	26	644	228	662	116	1610	98	412	164	550	218	372	32	1036	154	1112	52	198	102	204	10	220	84	250	72	122	158	
79796	sub-C008_preop3T_AAL_6402	84	6412	26	316	18	20	26	92	18	30	0	4	2	20	0	20	0	2	196	5012	8	30	6	64	4	16	8	24	0	2	60	40	556	2318	90	10	38	86	28	22	6	20	22	6	4	8	36	4	2	4	0	0	0	0	50	22	1618	5784	370	410	84	0	0	2	0	0	1100	1538	5096	0	74	888	38	18	20	174	236	3678	0	0	0	2	8	4	2	0	16	8	6	4	168	200	126	168	54	80	92	104	124	222	78	110	72	214	52	338	78	54	40	24	66	74	174	20	34	62	
379232	sub-C008_preop3T_AAL_7001	1256	342	5820	1554	7328	1974	6326	1026	3434	102	18	60	1886	422	3266	870	0	4	798	142	8136	5884	1110	1454	878	1778	7996	3638	1158	710	3518	1832	740	324	852	904	10898	2376	4034	1944	4152	1756	1938	570	412	442	2502	418	1396	318	428	10	318	12	3716	410	1030	344	1224	562	536	6	0	6	0	4	1224	1270	710	74	0	2312	16442	766	4080	272	21610	2818	22	0	56	8	3346	888	1046	30	5112	694	4114	54	162	82	160	56	426	210	156	104	162	86	122	28	266	96	302	96	72	60	114	200	102	20	84	48	66	86	
642708	sub-C008_preop3T_AAL_7002	1226	2160	1130	20388	1916	5962	1022	15538	1232	3736	22	376	196	8342	654	6762	4	78	692	3766	910	7590	160	14434	84	3650	924	3342	326	1356	432	818	70	324	632	1986	3414	18948	1310	10404	638	9698	1822	5846	490	1636	1580	8138	272	2650	50	580	18	1854	664	8956	948	1348	682	1128	356	2	2	60	0	16	1162	3206	534	888	2312	0	2792	31182	922	13328	4444	36998	0	30	6	216	616	1696	586	178	776	5028	340	804	962	998	704	770	206	322	990	590	854	1142	334	234	350	750	218	2532	310	320	776	234	532	238	482	122	708	1882	
811856	sub-C008_preop3T_AAL_7011	6138	560	25992	2872	16378	584	12650	1262	20512	108	1684	172	7562	500	8246	160	1784	30	10956	656	894	474	6416	1640	116	360	1928	344	16146	82	400	242	282	122	2298	1706	14232	6968	4618	1694	6672	1200	16672	2682	3054	1592	17448	1484	10388	978	5382	16	2068	24	4248	1072	3682	434	2926	640	1194	0	66	50	48	6	2690	3136	402	38	16442	2792	0	3042	28130	2190	29164	6514	1310	8	2290	58	7862	146	6290	62	7612	600	5170	178	1476	608	844	318	1738	316	872	424	1446	584	592	144	1208	280	1904	356	608	206	276	384	462	110	396	118	142	196	
640728	sub-C008_preop3T_AAL_7012	1352	1588	1416	18290	1204	8980	490	12930	1044	3598	42	4240	128	11964	182	9470	8	5508	1516	4532	220	1610	148	10102	8	3528	190	2752	104	13240	102	114	22	12	476	1034	3106	14382	1004	7010	378	8488	1924	9830	452	2700	1582	13404	204	5212	46	754	10	2962	508	10914	380	702	198	1208	116	22	0	2712	0	60	608	2156	266	18	766	31182	3042	0	1814	22030	3692	14450	0	874	4	3676	260	3816	514	2436	522	3628	296	2324	1148	320	824	154	116	214	986	436	954	1036	476	76	338	194	122	278	226	164	194	118	336	264	280	66	128	130	
269408	sub-C008_preop3T_AAL_7021	4068	878	10508	2300	2722	100	2960	636	3058	14	168	166	950	262	534	26	180	46	6954	774	64	90	2218	808	34	54	682	62	252	20	34	32	22	2	282	274	4754	520	872	194	700	180	1240	174	314	170	788	112	2016	104	944	12	294	6	986	136	2718	270	1362	374	498	6	8	62	2	8	818	330	756	20	4080	922	28130	1814	0	2272	15722	2790	114	10	132	68	322	24	374	74	1100	100	1202	172	622	668	708	314	1116	326	492	368	454	656	486	136	932	232	1484	428	452	128	152	98	290	96	388	56	92	126	
299620	sub-C008_preop3T_AAL_7022	1348	3784	1468	11306	310	728	228	3674	292	654	24	914	56	2104	28	954	8	418	1758	4018	74	292	82	4888	4	290	32	302	22	124	16	28	2	4	530	1244	606	5530	306	2840	148	1918	462	3786	118	1184	316	3172	136	2240	38	556	6	1296	324	2724	354	1708	144	1418	70	14	0	490	0	44	426	1930	296	174	272	13328	2190	22030	2272	0	2552	13196	0	48	0	424	82	206	68	842	140	1596	72	986	1466	498	1038	286	184	234	1384	646	1258	750	604	116	460	326	176	458	368	252	254	182	632	220	440	144	182	166	
689984	sub-C008_preop3T_AAL_7101	9854	1212	17092	3526	4894	848	6516	1522	5276	214	134	210	2136	574	1344	328	86	28	14862	1368	274	474	3140	1894	76	466	1118	424	456	100	102	112	102	40	2022	2032	23714	7944	8358	2832	4856	2118	3964	2694	1000	1414	5312	1980	2632	774	1112	34	452	40	7286	1866	6566	634	4986	1262	2418	2	16	40	0	0	3632	3478	8882	236	21610	4444	29164	3692	15722	2552	0	10452	74	10	164	50	3022	188	1372	48	7872	858	5688	104	2580	852	2868	518	6246	548	2092	736	2310	876	1708	216	4256	750	5526	460	1090	518	1082	988	996	330	1186	428	632	724	
772772	sub-C008_preop3T_AAL_7102	2752	18622	1928	29958	3076	3110	996	6534	3068	1634	42	780	202	2990	244	2046	14	230	1558	12592	490	1290	234	9756	14	1356	334	994	104	440	100	184	38	130	1638	3780	6648	28044	2000	13266	1134	8170	1988	5012	784	2362	3112	4512	616	2552	142	368	52	814	1468	8824	2302	5844	1640	5750	730	72	2	420	0	126	2478	6112	1084	3678	2818	36998	6514	14450	2790	13196	10452	0	2	56	6	720	596	962	1362	496	1262	6686	652	1530	2910	2882	2058	2138	642	2140	2462	2186	2428	3212	1376	938	1308	2448	636	5686	1244	1024	1570	1062	1738	854	1932	458	1308	2834	
60356	sub-C008_preop3T_AAL_8101	840	0	234	2	8	0	100	0	4	0	522	2	216	2	66	0	5378	0	104	0	2	0	172	2	0	0	2	0	2414	0	0	0	0	4	10	10	24	0	110	0	0	0	10	0	12	6	8	0	656	0	2062	0	10	0	306	0	1968	2	2646	2	1224	0	766	0	0	0	294	14	0	0	22	0	1310	0	114	0	74	2	0	0	7226	0	320	0	462	0	14	0	298	0	20	4	12	2	16	2	10	2	12	4	6	2	4	2	4	6	2	2	0	0	2	2	6	0	0	0	
