data	data	257516	319280	1.02462e+06	953516	640828	541368	699268	426352	192344	147580	150476	236792	233140	211160	341616	228648	113216	156304	322372	308336	252304	265540	476376	510388	202312	261344	485928	393232	225824	208532	493128	436408	271724	265248	478964	370280	864012	821252	618728	441716	293692	436804	745032	603436	365288	409988	1.03642e+06	704700	424928	400328	387536	242044	302148	147368	1.00863e+06	959508	328884	353428	357208	441608	242964	156492	103924	175732	144068	168088	797076	854872	211856	120076	505784	572936	1.02384e+06	902888	318768	406084	847500	594264	71496	76584	240972	276392	261028	190624	418252	308276	221188	188772	566420	411868	1.13414e+06	852792	513028	647064	186556	220884	598288	553536	1.07853e+06	1.09689e+06	605532	174164	680916	482924	241956	254444	314504	581916	204460	90960	313788	706616	758372	236200	208500	220824	
data	data	sub-C009_preop3T_AAL_2001	sub-C009_preop3T_AAL_2002	sub-C009_preop3T_AAL_2101	sub-C009_preop3T_AAL_2102	sub-C009_preop3T_AAL_2111	sub-C009_preop3T_AAL_2112	sub-C009_preop3T_AAL_2201	sub-C009_preop3T_AAL_2202	sub-C009_preop3T_AAL_2211	sub-C009_preop3T_AAL_2212	sub-C009_preop3T_AAL_2301	sub-C009_preop3T_AAL_2302	sub-C009_preop3T_AAL_2311	sub-C009_preop3T_AAL_2312	sub-C009_preop3T_AAL_2321	sub-C009_preop3T_AAL_2322	sub-C009_preop3T_AAL_2331	sub-C009_preop3T_AAL_2332	sub-C009_preop3T_AAL_2401	sub-C009_preop3T_AAL_2402	sub-C009_preop3T_AAL_2501	sub-C009_preop3T_AAL_2502	sub-C009_preop3T_AAL_2601	sub-C009_preop3T_AAL_2602	sub-C009_preop3T_AAL_2611	sub-C009_preop3T_AAL_2612	sub-C009_preop3T_AAL_2701	sub-C009_preop3T_AAL_2702	sub-C009_preop3T_AAL_3001	sub-C009_preop3T_AAL_3002	sub-C009_preop3T_AAL_4001	sub-C009_preop3T_AAL_4002	sub-C009_preop3T_AAL_4011	sub-C009_preop3T_AAL_4012	sub-C009_preop3T_AAL_4021	sub-C009_preop3T_AAL_4022	sub-C009_preop3T_AAL_4101	sub-C009_preop3T_AAL_4102	sub-C009_preop3T_AAL_4111	sub-C009_preop3T_AAL_4112	sub-C009_preop3T_AAL_4201	sub-C009_preop3T_AAL_4202	sub-C009_preop3T_AAL_5001	sub-C009_preop3T_AAL_5002	sub-C009_preop3T_AAL_5011	sub-C009_preop3T_AAL_5012	sub-C009_preop3T_AAL_5021	sub-C009_preop3T_AAL_5022	sub-C009_preop3T_AAL_5101	sub-C009_preop3T_AAL_5102	sub-C009_preop3T_AAL_5201	sub-C009_preop3T_AAL_5202	sub-C009_preop3T_AAL_5301	sub-C009_preop3T_AAL_5302	sub-C009_preop3T_AAL_5401	sub-C009_preop3T_AAL_5402	sub-C009_preop3T_AAL_6001	sub-C009_preop3T_AAL_6002	sub-C009_preop3T_AAL_6101	sub-C009_preop3T_AAL_6102	sub-C009_preop3T_AAL_6201	sub-C009_preop3T_AAL_6202	sub-C009_preop3T_AAL_6211	sub-C009_preop3T_AAL_6212	sub-C009_preop3T_AAL_6221	sub-C009_preop3T_AAL_6222	sub-C009_preop3T_AAL_6301	sub-C009_preop3T_AAL_6302	sub-C009_preop3T_AAL_6401	sub-C009_preop3T_AAL_6402	sub-C009_preop3T_AAL_7001	sub-C009_preop3T_AAL_7002	sub-C009_preop3T_AAL_7011	sub-C009_preop3T_AAL_7012	sub-C009_preop3T_AAL_7021	sub-C009_preop3T_AAL_7022	sub-C009_preop3T_AAL_7101	sub-C009_preop3T_AAL_7102	sub-C009_preop3T_AAL_8101	sub-C009_preop3T_AAL_8102	sub-C009_preop3T_AAL_8111	sub-C009_preop3T_AAL_8112	sub-C009_preop3T_AAL_8121	sub-C009_preop3T_AAL_8122	sub-C009_preop3T_AAL_8201	sub-C009_preop3T_AAL_8202	sub-C009_preop3T_AAL_8211	sub-C009_preop3T_AAL_8212	sub-C009_preop3T_AAL_8301	sub-C009_preop3T_AAL_8302	sub-C009_preop3T_AAL_9001	sub-C009_preop3T_AAL_9002	sub-C009_preop3T_AAL_9011	sub-C009_preop3T_AAL_9012	sub-C009_preop3T_AAL_9021	sub-C009_preop3T_AAL_9022	sub-C009_preop3T_AAL_9031	sub-C009_preop3T_AAL_9032	sub-C009_preop3T_AAL_9041	sub-C009_preop3T_AAL_9042	sub-C009_preop3T_AAL_9051	sub-C009_preop3T_AAL_9052	sub-C009_preop3T_AAL_9061	sub-C009_preop3T_AAL_9062	sub-C009_preop3T_AAL_9071	sub-C009_preop3T_AAL_9072	sub-C009_preop3T_AAL_9081	sub-C009_preop3T_AAL_9082	sub-C009_preop3T_AAL_9100	sub-C009_preop3T_AAL_9110	sub-C009_preop3T_AAL_9120	sub-C009_preop3T_AAL_9130	sub-C009_preop3T_AAL_9140	sub-C009_preop3T_AAL_9150	sub-C009_preop3T_AAL_9160	sub-C009_preop3T_AAL_9170	
257516	sub-C009_preop3T_AAL_2001	0	174	6406	210	142	26	15538	24	40	2	8124	10	4340	4	126	16	5542	4	1600	186	32	10	112	12	12	4	62	12	900	4	6	2	2	20	6	8	1332	6	150	20	92	6	80	14	42	8	142	44	146	8	940	6	1758	2	1350	74	18168	34	296	58	4968	4	3522	4	1362	0	58	30	5092	18	208	28	6042	58	4826	66	9534	162	520	0	1362	4	162	2	9334	10	84	2	7882	24	484	254	204	206	246	118	246	198	418	296	122	50	218	192	162	420	48	300	50	8	92	200	182	54	46	82	
319280	sub-C009_preop3T_AAL_2002	174	0	514	12464	118	390	262	16308	24	74	22	9352	14	2240	20	122	4	1670	1998	4538	22	76	88	288	16	62	46	152	14	220	54	18	780	100	28	14	196	938	260	56	60	104	106	28	22	24	356	168	28	24	12	84	16	18	822	542	172	25726	166	2840	26	5950	0	4286	0	2256	288	84	3948	6776	430	1194	368	9050	298	3540	834	10570	0	48	4	236	30	108	2	1082	38	70	264	892	1508	1656	622	1292	174	450	1084	1260	1728	2316	638	722	694	1670	138	572	270	1788	150	54	380	1232	1070	132	132	182	
1.02462e+06	sub-C009_preop3T_AAL_2101	6406	514	0	39216	11098	4544	83718	7952	2052	170	3768	2692	9798	2440	1528	230	64	1026	32892	9220	936	940	50450	26866	2946	3164	1850	1034	2162	760	24330	17374	8362	2888	3342	412	3574	870	2334	374	702	502	4184	788	846	288	5320	478	1762	398	1540	276	1082	150	2528	442	1340	492	1956	836	550	40	36	68	244	82	5412	1940	1526	240	7174	2928	30082	2216	9450	1364	21662	3240	36	56	298	806	468	744	636	286	524	100	986	210	1852	1144	552	618	688	848	1286	300	1186	1040	360	124	900	478	372	484	262	440	1268	396	384	294	942	522	718	1244	
953516	sub-C009_preop3T_AAL_2102	210	12464	39216	0	2190	6764	20322	53888	108	1616	156	9660	122	12684	92	1296	8	3240	18504	37702	352	468	23740	60292	632	2658	380	500	50	1638	17552	22294	3682	9568	484	2268	640	3178	362	1274	102	1218	610	2968	212	632	554	4740	96	714	40	812	32	1134	410	1204	198	1396	376	1558	24	842	2	1164	0	618	1688	4344	4456	1200	1230	8174	1330	20888	776	7482	1550	14752	2	232	14	2102	38	1176	14	2346	58	318	176	1114	532	462	162	306	256	510	306	270	566	644	170	86	220	390	108	596	98	422	176	76	92	290	256	98	132	164	
640828	sub-C009_preop3T_AAL_2111	142	118	11098	2190	0	7796	2506	160	11946	118	70	66	296	86	12824	280	112	28	502	178	5466	3050	7172	2044	8966	7024	29648	6638	2614	74	7376	6530	1642	378	1676	530	13918	3426	8514	946	7842	1252	4572	2500	1872	952	11130	2032	1878	762	2892	158	3202	86	5996	646	264	256	876	430	268	14	14	10	170	32	2658	3182	380	98	17558	4312	26648	2038	4586	908	7648	1546	64	26	496	94	5170	290	2226	80	4256	348	5394	106	1966	488	338	252	450	426	876	290	548	484	228	66	700	264	418	308	228	194	754	400	352	246	386	334	510	542	
541368	sub-C009_preop3T_AAL_2112	26	390	4544	6764	7796	0	1656	2986	158	10068	12	76	30	112	246	7910	0	52	100	190	2750	6750	2984	3492	3148	14128	4674	22974	48	2014	5440	6360	390	420	328	296	2268	12588	1212	7236	672	12244	696	1910	180	932	1224	4400	146	742	120	1614	100	600	708	5658	84	482	208	548	16	30	0	12	4	456	724	1360	102	122	4492	19682	1774	24378	838	7650	2664	9076	0	26	8	240	186	3574	28	1252	260	4308	446	1994	664	596	314	250	160	474	248	196	454	648	212	70	532	292	258	314	138	178	532	156	180	198	436	312	568	718	
699268	sub-C009_preop3T_AAL_2201	15538	262	83718	20322	2506	1656	0	4552	2268	138	11088	2126	28580	1352	1772	182	84	916	5154	3182	238	298	16478	14392	172	464	262	252	2682	768	5848	5152	1374	860	644	278	2110	708	912	250	400	392	2938	458	698	230	4168	370	1870	332	2220	230	2034	134	2760	336	2202	326	1818	610	1460	24	138	40	1044	62	1738	910	522	120	4572	2440	22768	1706	5428	992	11486	2446	38	50	838	698	370	670	6800	244	438	80	5634	190	1334	768	348	376	372	546	998	166	686	730	246	72	508	304	206	278	140	274	674	272	256	218	528	304	408	612	
426352	sub-C009_preop3T_AAL_2202	24	16308	7952	53888	160	2986	4552	0	46	2868	42	13742	48	26950	42	1318	8	2544	1976	1080	32	124	4148	14160	40	92	70	186	22	800	2268	1268	164	196	72	60	286	1564	116	398	32	436	294	936	36	196	260	2176	34	320	24	402	24	522	202	816	52	1754	92	1186	4	1736	2	1156	2	1524	216	396	154	110	406	3514	572	11378	340	2850	530	4718	2	168	8	1250	18	610	6	3136	26	178	68	1734	226	290	102	212	50	232	112	106	236	392	88	80	116	270	46	316	54	376	88	42	36	160	134	58	66	82	
192344	sub-C009_preop3T_AAL_2211	40	24	2052	108	11946	158	2268	46	0	48	14	6	526	12	13088	42	34	2	160	18	86	32	72	44	124	56	1812	62	762	6	18	10	26	8	286	218	4666	1602	1530	86	690	152	3148	1464	788	582	6942	936	926	504	1800	50	1886	52	2608	214	82	56	392	112	132	0	0	0	84	8	870	1700	138	18	2328	190	13172	310	1164	222	2002	342	24	2	130	10	1108	6	734	12	692	8	798	76	1120	268	68	110	128	120	304	116	336	348	50	8	130	84	70	84	38	88	114	130	130	218	80	78	100	90	
147580	sub-C009_preop3T_AAL_2212	2	74	170	1616	118	10068	138	2868	48	0	0	20	2	884	44	9232	0	20	8	20	26	186	18	146	10	310	80	648	6	772	10	8	4	10	54	36	330	5632	160	1342	54	4706	290	1126	38	470	366	3348	14	340	14	1014	20	746	136	2820	4	26	20	60	2	6	0	12	0	242	100	276	8	12	102	1992	306	9968	112	1884	360	1430	0	6	0	98	16	916	0	636	22	1134	46	898	198	238	114	56	8	142	46	52	146	352	84	14	100	52	58	84	48	40	100	18	26	84	126	36	122	130	
150476	sub-C009_preop3T_AAL_2301	8124	22	3768	156	70	12	11088	42	14	0	0	40	14958	18	318	6	3352	12	1382	82	6	12	366	6	0	0	20	2	4218	16	4	2	2	2	4	2	36	6	30	6	26	8	278	4	124	4	374	8	332	2	622	2	702	0	644	16	1236	8	474	12	616	2	852	0	182	2	92	6	20	0	56	54	2110	52	178	42	272	90	506	2	3116	12	840	12	8174	4	60	8	4460	10	124	26	6	10	10	12	8	2	8	20	2	2	10	10	6	8	4	8	12	4	4	2	6	4	8	12	
236792	sub-C009_preop3T_AAL_2302	10	9352	2692	9660	66	76	2126	13742	6	20	40	0	34	16938	6	880	0	8842	1044	2042	0	30	576	3478	14	6	32	40	6	6672	446	14	2	4	4	30	68	314	22	140	12	122	12	240	2	122	20	112	8	366	12	594	6	302	30	398	2	3814	8	812	0	2200	0	6090	0	890	20	116	26	6	244	864	248	7022	110	854	302	656	0	316	2	4006	4	3234	12	2816	10	240	14	888	46	54	28	30	22	28	10	12	22	46	28	2	38	38	2	50	4	80	38	8	12	16	36	22	28	38	
233140	sub-C009_preop3T_AAL_2311	4340	14	9798	122	296	30	28580	48	526	2	14958	34	0	48	6320	10	462	2	670	50	34	18	810	16	2	4	32	12	7696	12	4	4	4	4	14	6	224	30	120	14	88	14	1784	16	448	8	2628	42	1286	6	1550	4	1630	2	1592	44	752	16	562	18	422	0	230	0	208	0	182	30	118	0	302	62	7314	72	650	58	1056	100	182	0	2210	8	1014	12	7802	4	224	8	4452	30	752	136	36	54	42	44	128	14	82	98	22	14	58	38	30	24	20	34	64	50	26	12	38	32	46	66	
211160	sub-C009_preop3T_AAL_2312	4	2240	2440	12684	86	112	1352	26950	12	884	18	16938	48	0	18	5390	2	846	118	428	10	38	1448	4452	18	6	38	46	12	3582	52	12	10	6	8	20	72	508	22	140	10	164	42	670	4	136	34	1100	10	470	12	478	6	654	24	542	10	874	32	680	0	1102	0	2404	0	634	56	76	42	30	170	976	190	6700	80	536	172	674	0	228	2	1220	4	458	4	1432	6	144	6	564	44	60	22	36	16	48	14	10	30	90	20	4	30	28	12	18	6	36	20	6	6	14	30	14	18	16	
341616	sub-C009_preop3T_AAL_2321	126	20	1528	92	12824	246	1772	42	13088	44	318	6	6320	18	0	38	300	2	140	22	2584	116	254	40	118	100	3878	206	9388	8	114	32	186	52	472	224	6276	1608	5986	118	2924	192	5656	1442	1038	574	11992	1042	1934	488	3866	48	4504	56	5352	396	280	34	464	100	168	0	48	0	70	6	1208	1712	106	10	2338	308	19790	370	1252	214	2278	310	218	4	2170	20	8716	10	4316	8	3402	22	2166	216	2830	714	98	274	184	180	630	198	558	750	78	42	130	132	96	86	50	182	80	114	218	294	116	76	82	72	
228648	sub-C009_preop3T_AAL_2322	16	122	230	1296	280	7910	182	1318	42	9232	6	880	10	5390	38	0	0	196	26	56	164	2230	34	336	96	196	354	2556	16	7508	80	70	22	28	52	52	526	8354	268	3742	132	6522	290	1448	42	514	312	4028	30	856	32	2180	12	1392	170	3576	20	64	38	176	4	94	0	82	0	278	100	330	12	6	440	2666	430	14110	244	1978	808	1658	0	54	0	624	22	4752	2	2016	42	2400	90	1296	284	356	146	152	38	144	62	72	182	380	104	54	224	140	118	152	68	112	198	42	56	98	190	116	246	304	
113216	sub-C009_preop3T_AAL_2331	5542	4	64	8	112	0	84	8	34	0	3352	0	462	2	300	0	0	0	20	4	78	0	22	0	0	0	50	0	6662	0	2	2	2	2	2	4	148	0	172	0	204	0	152	0	102	2	278	4	326	0	1222	0	860	0	952	8	6096	0	1000	0	2112	0	3586	0	338	2	162	4	10	0	14	0	1754	8	44	6	48	4	4830	0	9400	0	1260	0	3280	0	134	0	1006	10	94	28	4	10	6	4	10	4	14	26	0	4	2	6	0	4	0	8	2	4	2	6	4	2	2	2	
156304	sub-C009_preop3T_AAL_2332	4	1670	1026	3240	28	52	916	2544	2	20	12	8842	2	846	2	196	0	0	450	918	2	16	60	940	4	4	12	26	2	7496	180	6	0	0	30	90	86	156	16	96	4	60	10	122	4	190	10	42	10	326	6	626	0	198	12	376	2	5172	12	1152	0	1670	0	7672	0	1158	18	252	12	0	122	296	154	4984	88	234	212	276	0	5828	2	11586	2	3058	0	1048	4	114	10	652	26	24	12	10	22	16	12	10	22	20	10	2	20	16	8	18	8	14	20	10	10	6	18	12	8	20	
322372	sub-C009_preop3T_AAL_2401	1600	1998	32892	18504	502	100	5154	1976	160	8	1382	1044	670	118	140	26	20	450	0	18464	98	80	3070	3878	142	52	178	54	186	182	8450	5158	5324	3674	246	40	556	64	352	62	124	22	282	44	74	18	312	42	114	24	118	52	250	28	500	80	318	126	234	132	76	14	8	8	44	16	670	352	9698	370	1656	582	6408	452	3078	286	10420	606	8	8	28	248	96	252	276	70	82	2	428	76	432	218	156	138	260	130	170	134	354	226	130	30	290	122	128	270	96	136	346	52	116	88	220	142	188	348	
308336	sub-C009_preop3T_AAL_2402	186	4538	9220	37702	178	190	3182	1080	18	20	82	2042	50	428	22	56	4	918	18464	0	298	418	1630	6654	216	404	218	154	18	630	8530	5764	5458	10290	234	84	148	64	146	42	46	38	154	46	44	34	166	14	18	58	20	76	24	52	146	98	156	974	156	196	14	78	0	290	0	124	924	1130	8356	5170	756	626	352	2320	214	2036	666	4050	0	66	4	780	14	496	4	884	10	24	74	242	174	138	54	112	170	58	50	76	174	172	52	42	72	128	64	168	24	102	42	14	26	94	82	22	26	32	
252304	sub-C009_preop3T_AAL_2501	32	22	936	352	5466	2750	238	32	86	26	6	0	34	10	2584	164	78	2	98	298	0	6254	1016	370	5868	5128	11704	5524	528	32	8742	5582	2686	1216	788	264	5146	792	4546	358	4958	498	1192	374	474	104	2028	418	526	100	504	58	598	32	1684	250	110	16	336	84	60	4	10	2	18	6	1206	790	82	28	10740	2142	4624	716	510	386	1864	386	34	8	74	28	1960	130	216	28	1464	226	1782	44	322	118	40	80	114	86	250	70	150	140	52	22	100	68	68	48	32	62	100	44	80	84	82	66	88	116	
265540	sub-C009_preop3T_AAL_2502	10	76	940	468	3050	6750	298	124	32	186	12	30	18	38	116	2230	0	16	80	418	6254	0	944	320	3734	9048	7070	14746	20	1052	5550	8332	1436	2140	440	480	1174	2308	636	5066	490	3648	368	310	124	134	518	518	86	126	90	216	76	82	392	862	30	68	108	104	8	16	0	2	2	30	754	718	152	32	5396	11762	924	4176	392	1128	1566	1942	0	4	4	74	138	2304	30	260	184	1502	262	196	326	258	138	158	82	134	146	80	202	220	108	38	338	184	166	174	74	102	328	96	102	74	220	232	364	476	
476376	sub-C009_preop3T_AAL_2601	112	88	50450	23740	7172	2984	16478	4148	72	18	366	576	810	1448	254	34	22	60	3070	1630	1016	944	0	22122	4000	2862	2058	952	74	42	21400	15722	10122	5048	3216	1074	1314	286	1524	234	312	154	2026	718	296	162	1992	334	160	66	140	48	150	40	766	122	110	96	250	164	26	2	20	20	10	10	4686	2724	238	162	1884	1052	3068	508	1158	244	2412	840	4	12	58	52	104	46	68	46	110	40	234	42	250	122	56	74	134	134	216	46	176	98	42	18	118	64	78	54	30	56	204	86	56	36	118	82	116	196	
510388	sub-C009_preop3T_AAL_2602	12	288	26866	60292	2044	3492	14392	14160	44	146	6	3478	16	4452	40	336	0	940	3878	6654	370	320	22122	0	820	3468	378	276	18	652	13338	20544	1132	7148	440	2364	358	1742	212	752	56	700	396	1472	184	370	330	2062	64	224	14	238	8	406	160	514	26	514	174	620	2	222	0	284	0	146	1400	3744	174	256	364	3952	406	7032	214	1926	356	4218	0	62	2	622	16	530	2	430	20	174	56	300	98	122	48	76	54	202	70	44	94	164	36	8	58	78	30	106	22	82	52	40	26	66	74	28	36	48	
202312	sub-C009_preop3T_AAL_2611	12	16	2946	632	8966	3148	172	40	124	10	0	14	2	18	118	96	0	4	142	216	5868	3734	4000	820	0	6320	11410	5024	6	24	10624	5124	4010	842	1952	206	946	336	1074	326	274	394	1148	266	198	74	1228	164	114	58	72	30	54	16	550	176	48	52	100	62	12	2	0	2	6	8	2534	762	114	26	5194	2114	1276	554	420	160	1090	338	0	2	6	18	126	118	22	22	124	174	166	30	100	44	40	26	74	70	124	36	62	44	22	14	70	34	46	30	20	24	92	34	44	30	54	52	62	88	
261344	sub-C009_preop3T_AAL_2612	4	62	3164	2658	7024	14128	464	92	56	310	0	6	4	6	100	196	0	4	52	404	5128	9048	2862	3468	6320	0	5662	9460	10	46	9636	14416	1098	2804	238	926	590	2178	368	702	204	1276	230	416	80	190	376	724	50	114	24	126	30	56	180	446	30	130	66	126	6	4	0	0	0	6	506	1096	148	44	2726	7978	534	3050	182	1162	556	2404	0	0	4	6	38	138	10	38	48	198	138	80	60	58	32	28	26	72	50	44	42	80	18	6	46	28	12	42	14	26	58	22	40	24	46	30	44	56	
485928	sub-C009_preop3T_AAL_2701	62	46	1850	380	29648	4674	262	70	1812	80	20	32	32	38	3878	354	50	12	178	218	11704	7070	2058	378	11410	5662	0	12618	714	82	7226	4342	2232	774	1240	422	10582	2286	6002	1146	7488	1450	3140	1414	1416	552	7072	1390	1306	394	1516	104	1932	64	4454	626	106	90	470	194	134	12	8	6	86	18	1946	1930	94	30	18806	6932	15594	2004	1948	696	3714	1026	26	12	372	48	3086	476	1466	62	2986	558	4758	84	1054	300	226	166	220	186	446	172	306	284	158	42	484	162	340	208	166	142	526	156	188	150	270	190	352	330	
393232	sub-C009_preop3T_AAL_2702	12	152	1034	500	6638	22974	252	186	62	648	2	40	12	46	206	2556	0	26	54	154	5524	14746	952	276	5024	9460	12618	0	30	584	4834	5138	1172	544	546	126	1450	5148	766	6372	688	7494	408	682	138	462	662	1106	106	398	104	618	90	176	454	2986	54	178	158	264	10	20	0	0	2	152	826	716	80	50	9262	18750	1388	12798	492	4546	1584	4652	0	14	2	94	190	2858	40	388	232	3504	334	896	342	262	132	144	116	176	160	96	228	238	112	36	300	156	156	170	76	108	284	88	106	90	216	186	282	386	
225824	sub-C009_preop3T_AAL_3001	900	14	2162	50	2614	48	2682	22	762	6	4218	6	7696	12	9388	16	6662	2	186	18	528	20	74	18	6	10	714	30	0	2	6	4	4	2	28	22	948	64	1314	18	1628	26	3048	66	632	28	4800	102	2044	26	3120	0	2850	10	3136	102	2144	6	1366	24	826	0	768	0	314	2	418	64	84	0	188	48	15458	106	426	74	588	60	3268	4	6684	4	6852	4	3746	0	2292	6	1002	88	1362	328	52	108	52	50	78	40	150	266	38	14	54	52	40	30	20	66	36	30	40	46	54	24	28	46	
208532	sub-C009_preop3T_AAL_3002	4	220	760	1638	74	2014	768	800	6	772	16	6672	12	3582	8	7508	0	7496	182	630	32	1052	42	652	24	46	82	584	2	0	190	14	4	2	10	74	112	2686	44	1864	24	2258	24	814	8	498	50	672	2	1218	6	2268	4	1040	38	2016	2	518	6	728	0	912	0	1798	0	760	14	274	12	0	194	578	176	16086	104	538	238	344	0	2658	0	9054	2	8532	2	3760	4	2482	12	1978	46	90	30	40	22	20	20	30	28	134	26	14	32	42	12	46	4	76	28	10	12	20	26	18	24	32	
493128	sub-C009_preop3T_AAL_4001	6	54	24330	17552	7376	5440	5848	2268	18	10	4	446	4	52	114	80	2	180	8450	8530	8742	5550	21400	13338	10624	9636	7226	4834	6	190	0	28218	16856	6500	4724	472	898	152	1602	172	234	162	2094	418	298	56	1936	80	78	34	34	42	46	18	716	84	6	36	116	26	0	4	0	6	0	2	6030	2150	302	124	4252	2324	338	288	108	68	512	320	0	6	6	126	80	182	12	24	50	90	136	22	26	8	6	12	50	28	118	18	24	18	12	8	18	16	34	20	6	14	22	14	20	14	20	20	14	24	
436408	sub-C009_preop3T_AAL_4002	2	18	17374	22294	6530	6360	5152	1268	10	8	2	14	4	12	32	70	2	6	5158	5764	5582	8332	15722	20544	5124	14416	4342	5138	4	14	28218	0	3814	13218	834	3978	276	330	332	406	94	152	446	686	256	240	438	588	68	18	14	14	18	4	172	136	8	36	100	34	2	0	0	0	0	0	1850	4642	348	116	1846	3182	240	174	90	80	278	454	0	0	4	4	20	36	4	10	18	58	60	30	16	8	4	12	26	16	60	28	12	18	2	6	14	14	12	14	2	18	24	10	38	12	12	16	16	22	
271724	sub-C009_preop3T_AAL_4011	2	780	8362	3682	1642	390	1374	164	26	4	2	2	4	10	186	22	2	0	5324	5458	2686	1436	10122	1132	4010	1098	2232	1172	4	4	16856	3814	0	9474	8582	462	1492	86	3050	126	342	66	3910	602	352	62	3644	182	82	10	50	2	80	4	1158	68	32	1328	166	1094	2	2	0	0	0	2	13220	4790	3478	1510	1700	718	158	76	24	24	246	218	0	0	6	2	88	14	14	8	52	36	194	18	54	16	12	20	88	26	176	20	40	28	20	10	22	22	70	8	10	14	6	8	18	20	24	6	6	10	
265248	sub-C009_preop3T_AAL_4012	20	100	2888	9568	378	420	860	196	8	10	2	4	4	6	52	28	2	0	3674	10290	1216	2140	5048	7148	842	2804	774	544	2	2	6500	13218	9474	0	2346	6982	344	314	466	726	112	66	664	1382	450	396	636	1436	118	12	20	2	24	2	222	248	688	1712	676	880	6	0	0	0	0	0	6648	14016	4948	4112	876	1410	76	88	26	44	206	310	0	0	2	0	20	14	2	2	20	24	74	14	30	14	8	16	66	18	108	40	20	16	12	4	12	8	44	2	6	10	10	12	48	12	12	2	4	6	
478964	sub-C009_preop3T_AAL_4021	6	28	3342	484	1676	328	644	72	286	54	4	4	14	8	472	52	2	30	246	234	788	440	3216	440	1952	238	1240	546	28	10	4724	834	8582	2346	0	20190	8390	4124	5998	240	1106	178	19248	12638	9762	10550	10592	3028	10722	10578	1768	586	144	414	2448	210	16	150	2696	5732	40	6	0	6	4	56	28174	24730	44	140	884	468	1482	768	520	366	1930	458	4	58	18	98	310	14	36	24	304	32	550	44	238	114	60	76	224	124	638	124	172	186	68	30	92	78	136	32	46	68	46	66	116	118	88	24	32	40	
370280	sub-C009_preop3T_AAL_4022	8	14	412	2268	530	296	278	60	218	36	2	30	6	20	224	52	4	90	40	84	264	480	1074	2364	206	926	422	126	22	74	472	3978	462	6982	20190	0	5032	3198	1018	1324	466	146	11150	11946	7690	10898	3608	3638	9364	10068	1570	530	40	390	464	628	30	38	1750	4888	58	8	0	22	4	88	16058	26168	246	18	496	556	974	530	380	286	1712	600	14	230	36	440	120	54	42	100	138	22	212	52	214	130	74	74	186	148	352	180	208	176	70	32	126	66	92	36	50	84	60	86	158	96	84	28	34	44	
864012	sub-C009_preop3T_AAL_4101	1332	196	3574	640	13918	2268	2110	286	4666	330	36	68	224	72	6276	526	148	86	556	148	5146	1174	1314	358	946	590	10582	1450	948	112	898	276	1492	344	8390	5032	0	14818	32884	1540	17412	3264	15550	11242	6804	4500	24206	8094	5844	4006	2910	516	3132	368	20998	2088	564	310	1414	1882	114	54	14	38	48	192	13894	14592	220	92	12250	2912	24862	4060	8412	4000	20346	4096	94	184	284	356	6818	152	878	174	9212	284	12896	350	2930	1168	886	830	1840	984	3750	1048	2146	1534	810	264	1402	740	870	536	438	800	772	856	1078	1066	976	470	514	562	
821252	sub-C009_preop3T_AAL_4102	6	938	870	3178	3426	12588	708	1564	1602	5632	6	314	30	508	1608	8354	0	156	64	64	792	2308	286	1742	336	2178	2286	5148	64	2686	152	330	86	314	4124	3198	14818	0	4458	27474	1548	28536	6754	15240	2308	7522	7396	19760	1578	5974	162	5118	146	1934	1852	24870	60	1002	280	1410	14	134	0	70	0	808	7468	15266	52	106	2252	17672	7072	26746	3702	13452	4178	23452	2	80	8	1298	424	3664	34	5340	618	8130	1060	6608	756	824	364	796	216	426	422	472	550	930	288	526	572	1094	256	312	164	982	502	238	362	378	518	248	424	450	
618728	sub-C009_preop3T_AAL_4111	150	260	2334	362	8514	1212	912	116	1530	160	30	22	120	22	5986	268	172	16	352	146	4546	636	1524	212	1074	368	6002	766	1314	44	1602	332	3050	466	5998	1018	32884	4458	0	726	13474	1162	11292	2562	5132	1116	23068	3436	4176	810	1176	154	1100	208	23738	1972	228	216	1102	520	90	14	12	12	26	44	9976	4184	104	72	5720	1224	9014	1568	3058	1254	9454	2056	100	32	178	84	6906	60	412	54	8856	68	8964	460	3096	1870	750	1014	2532	1594	10402	2622	4708	3812	932	154	1110	632	834	510	480	1534	592	776	2430	3228	2012	412	448	478	
441716	sub-C009_preop3T_AAL_4112	20	56	374	1274	946	7236	250	398	86	1342	6	140	14	140	118	3742	0	96	62	42	358	5066	234	752	326	702	1146	6372	18	1864	172	406	126	726	240	1324	1540	27474	726	0	420	18394	396	8776	166	4564	722	12530	156	3062	50	2094	50	534	746	23174	72	84	152	718	12	32	2	16	0	170	642	6990	92	14	1312	8518	1398	9104	1166	4780	1072	8226	0	34	4	694	146	5464	16	1712	178	9828	194	2332	604	550	234	416	270	1072	968	2140	1030	970	286	180	332	430	190	324	174	532	262	154	958	790	466	152	200	252	
293692	sub-C009_preop3T_AAL_4201	92	60	702	102	7842	672	400	32	690	54	26	12	88	10	2924	132	204	4	124	46	4958	490	312	56	274	204	7488	688	1628	24	234	94	342	112	1106	466	17412	1548	13474	420	0	960	2868	654	1616	358	5496	728	2048	378	1496	88	1686	104	6504	646	134	92	264	242	62	10	20	4	30	16	1304	908	50	36	3886	922	10138	798	3016	1038	4004	646	128	18	426	40	6900	56	1128	26	6818	130	6304	106	738	220	94	128	434	172	1084	202	336	254	102	30	198	124	168	108	78	124	158	268	282	146	164	96	108	154	
436804	sub-C009_preop3T_AAL_4202	6	104	502	1218	1252	12244	392	436	152	4706	8	122	14	164	192	6522	0	60	22	38	498	3648	154	700	394	1276	1450	7494	26	2258	162	152	66	66	178	146	3264	28536	1162	18394	960	0	650	2710	172	2622	1144	5386	202	2152	104	2880	98	884	852	13020	40	120	180	610	4	74	0	20	0	574	608	1442	28	16	1846	10356	2982	20554	2920	9390	1834	9436	0	34	2	392	320	5300	18	1564	408	7620	350	2826	342	268	154	180	116	158	136	114	210	332	102	88	258	188	128	144	72	154	246	118	136	114	204	102	214	242	
745032	sub-C009_preop3T_AAL_5001	80	106	4184	610	4572	696	2938	294	3148	290	278	12	1784	42	5656	290	152	10	282	154	1192	368	2026	396	1148	230	3140	408	3048	24	2094	446	3910	664	19248	11150	15550	6754	11292	396	2868	650	0	16046	24452	7468	45754	9150	19756	6954	5576	202	3088	244	10672	1640	102	162	1162	1570	42	12	30	8	30	16	30450	17680	80	86	2022	556	14378	1556	1568	528	2446	614	78	4	1660	30	1994	26	1798	28	1292	62	3308	388	3958	1666	334	762	362	374	2840	974	2420	2290	330	80	376	418	272	276	208	726	158	148	1284	1910	558	168	142	134	
603436	sub-C009_preop3T_AAL_5002	14	28	788	2968	2500	1910	458	936	1464	1126	4	240	16	670	1442	1448	0	122	44	46	374	310	718	1472	266	416	1414	682	66	814	418	686	602	1382	12638	11946	11242	15240	2562	8776	654	2710	16046	0	5320	23182	8338	31028	5394	18206	716	3718	124	3962	996	8446	34	48	226	1280	6	14	0	68	4	24	14590	31006	138	12	1034	2332	3792	9184	574	4484	1700	3048	2	38	28	580	176	502	28	396	214	756	568	980	358	476	122	378	84	228	350	1072	358	574	128	128	202	328	110	98	94	416	160	104	284	214	212	84	114	88	
365288	sub-C009_preop3T_AAL_5011	42	22	846	212	1872	180	698	36	788	38	124	2	448	4	1038	42	102	4	74	44	474	124	296	184	198	80	1416	138	632	8	298	256	352	450	9762	7690	6804	2308	5132	166	1616	172	24452	5320	0	5146	12620	2150	21878	4000	2536	84	1544	52	5304	394	40	30	2928	2464	26	2	14	4	12	6	17476	9892	56	10	928	174	4236	312	894	208	2148	232	42	6	962	18	938	6	402	22	684	20	1874	62	584	158	76	98	162	112	840	242	672	326	74	34	160	74	114	50	76	142	66	70	196	258	156	30	44	50	
409988	sub-C009_preop3T_AAL_5012	8	24	288	632	952	932	230	196	582	470	4	122	8	136	574	514	2	190	18	34	104	134	162	370	74	190	552	462	28	498	56	240	62	396	10550	10898	4500	7522	1116	4564	358	2622	7468	23182	5146	0	3056	8372	5942	25468	1138	2644	38	588	484	4674	14	24	572	10044	22	28	0	56	2	98	8418	24304	28	2	578	1574	1666	3096	518	2350	1128	2056	2	370	4	1358	116	332	10	812	160	626	294	584	252	296	106	286	90	140	168	574	188	280	114	134	156	258	64	42	60	262	84	68	136	98	162	40	60	56	
1.03642e+06	sub-C009_preop3T_AAL_5021	142	356	5320	554	11130	1224	4168	260	6942	366	374	20	2628	34	11992	312	278	10	312	166	2028	518	1992	330	1228	376	7072	662	4800	50	1936	438	3644	636	10592	3608	24206	7396	23068	722	5496	1144	45754	8338	12620	3056	0	12194	9492	2626	10296	162	15452	598	37766	5050	240	256	1214	896	110	20	38	10	46	32	19906	10306	130	98	3968	962	25880	2022	1858	1008	6782	2094	146	12	2272	60	4194	58	4762	66	3114	86	9102	1362	17002	6292	1514	2618	1538	1298	15222	5004	13524	9226	1500	286	1430	1370	812	916	1012	3048	702	932	5720	7918	2442	670	590	578	
704700	sub-C009_preop3T_AAL_5022	44	168	478	4740	2032	4400	370	2176	936	3348	8	112	42	1100	1042	4028	4	42	42	14	418	518	334	2062	164	724	1390	1106	102	672	80	588	182	1436	3028	3638	8094	19760	3436	12530	728	5386	9150	31028	2150	8372	12194	0	1052	2906	130	634	268	6032	5770	26270	142	194	268	896	38	16	0	26	8	52	6406	18344	176	26	1046	2868	3280	16670	706	3404	2678	4770	2	26	46	456	274	446	40	426	338	726	1176	2686	3394	5564	1108	3306	476	2322	7264	13054	7734	11258	1192	366	1056	1430	476	690	840	4628	400	1152	7578	7792	1970	486	342	358	
424928	sub-C009_preop3T_AAL_5101	146	28	1762	96	1878	146	1870	34	926	14	332	8	1286	10	1934	30	326	10	114	18	526	86	160	64	114	50	1306	106	2044	2	78	68	82	118	10722	9364	5844	1578	4176	156	2048	202	19756	5394	21878	5942	9492	1052	0	5458	17468	162	5206	60	5620	276	134	38	4916	2756	204	4	36	2	56	24	14774	10170	88	10	1384	226	7762	264	2052	272	3376	244	162	16	2992	38	2262	6	2204	34	1254	26	1974	50	868	190	102	100	278	144	552	198	482	328	78	38	218	82	190	58	98	120	94	114	152	216	124	66	56	82	
400328	sub-C009_preop3T_AAL_5102	8	24	398	714	762	742	332	320	504	340	2	366	6	470	488	856	0	326	24	58	100	126	66	224	58	114	394	398	26	1218	34	18	10	12	10578	10068	4006	5974	810	3062	378	2152	6954	18206	4000	25468	2626	2906	5458	0	1176	13360	28	2466	326	3302	14	38	366	11474	8	90	0	120	2	1926	7224	20712	8	2	602	1544	1712	4332	614	2964	1080	1662	0	464	2	2450	108	904	6	1646	114	910	194	940	202	260	92	242	94	132	136	156	156	204	86	128	126	206	50	38	40	150	68	62	106	84	130	28	54	60	
387536	sub-C009_preop3T_AAL_5201	940	12	1540	40	2892	120	2220	24	1800	14	622	12	1550	12	3866	32	1222	6	118	20	504	90	140	14	72	24	1516	104	3120	6	34	14	50	20	1768	1570	2910	162	1176	50	1496	104	5576	716	2536	1138	10296	130	17468	1176	0	62	18672	26	12018	118	1000	24	6412	632	10892	4	332	2	10822	6	1688	1684	56	2	914	194	8878	136	1300	130	1406	120	1852	4	7746	10	2724	6	17334	10	1438	10	8296	38	3120	162	90	66	154	88	274	132	278	220	80	14	144	44	88	32	40	70	60	72	130	124	84	60	48	54	
242044	sub-C009_preop3T_AAL_5202	6	84	276	812	158	1614	230	402	50	1014	2	594	4	478	48	2180	0	626	52	76	58	216	48	238	30	126	104	618	0	2268	42	14	2	2	586	530	516	5118	154	2094	88	2880	202	3718	84	2644	162	634	162	13360	62	0	8	4802	156	8222	6	46	50	3086	2	178	0	158	2	8752	150	2180	10	8	266	1160	450	5666	330	1938	606	1174	0	798	2	6522	34	2186	4	13682	28	1728	54	7856	232	396	76	216	70	114	102	132	204	312	92	104	132	170	54	50	66	126	70	32	54	122	166	28	60	76	
302148	sub-C009_preop3T_AAL_5301	1758	16	1082	32	3202	100	2034	24	1886	20	702	6	1630	6	4504	12	860	0	250	24	598	76	150	8	54	30	1932	90	2850	4	46	18	80	24	144	40	3132	146	1100	50	1686	98	3088	124	1544	38	15452	268	5206	28	18672	8	0	24	23320	160	914	14	166	28	906	2	276	0	2150	2	256	98	30	8	584	142	7550	118	338	76	374	88	448	0	3174	0	2782	6	9752	4	1498	20	13376	66	5086	220	64	90	38	48	180	92	464	284	54	8	72	50	38	24	26	78	44	18	72	164	82	26	30	40	
147368	sub-C009_preop3T_AAL_5302	2	18	150	1134	86	600	134	522	52	746	0	302	2	654	56	1392	0	198	28	52	32	82	40	406	16	56	64	176	10	1040	18	4	4	2	414	390	368	1934	208	534	104	884	244	3962	52	588	598	6032	60	2466	26	4802	24	0	980	8400	10	22	14	28	2	16	0	68	0	104	98	202	8	2	108	586	242	4466	110	1110	172	360	0	22	6	1038	46	760	14	1380	48	428	312	7120	1938	390	78	182	22	32	398	312	2102	2794	550	42	312	112	26	64	248	222	24	10	128	1838	1716	40	22	32	
1.00863e+06	sub-C009_preop3T_AAL_5401	1350	822	2528	410	5996	708	2760	202	2608	136	644	30	1592	24	5352	170	952	12	500	146	1684	392	766	160	550	180	4454	454	3136	38	716	172	1158	222	2448	464	20998	1852	23738	746	6504	852	10672	996	5304	484	37766	5770	5620	326	12018	156	23320	980	0	11702	944	486	950	642	796	18	140	10	1784	50	5380	1482	178	76	4048	766	12156	1176	2250	1184	6326	1460	512	14	3212	60	7702	48	7356	110	9956	110	36288	1932	20890	7048	2470	3652	1028	1776	17046	11508	34062	20230	6186	298	4376	1910	780	1436	3000	6786	576	446	5006	21938	6868	500	522	634	
959508	sub-C009_preop3T_AAL_5402	74	542	442	1204	646	5658	336	816	214	2820	16	398	44	542	396	3576	8	376	80	98	250	862	122	514	176	446	626	2986	102	2016	84	136	68	248	210	628	2088	24870	1972	23174	646	13020	1640	8446	394	4674	5050	26270	276	3302	118	8222	160	8400	11702	0	188	232	250	628	34	172	0	230	0	2476	574	3340	112	22	856	5410	1984	11650	1434	6052	1468	5466	2	186	86	2226	372	2530	76	11912	372	8652	3494	32106	14904	11878	1334	8078	488	1190	8556	18224	25456	35058	6108	904	4310	4506	796	2130	2768	11896	414	228	3626	24902	13258	840	538	588	
328884	sub-C009_preop3T_AAL_6001	18168	172	1340	198	264	84	2202	52	82	4	1236	2	752	10	280	20	6096	2	318	156	110	30	110	26	48	30	106	54	2144	2	6	8	32	688	16	30	564	60	228	72	134	40	102	34	40	14	240	142	134	14	1000	6	914	10	944	188	0	3194	16756	2800	19532	0	6236	0	4120	0	3202	1458	7420	1356	1742	214	5978	78	2514	64	9478	426	2650	2	5376	4	244	2	3238	2	110	2	2124	34	2324	1012	1022	726	2760	404	590	418	1820	866	662	176	1890	542	1160	384	372	568	1570	230	406	380	1198	844	946	1058	
353428	sub-C009_preop3T_AAL_6002	34	25726	492	1396	256	482	326	1754	56	26	8	3814	16	874	34	64	0	5172	126	974	16	68	96	514	52	130	90	178	6	518	36	36	1328	1712	150	38	310	1002	216	84	92	120	162	48	30	24	256	194	38	38	24	46	14	22	486	232	3194	0	2928	23862	34	8958	0	14768	0	1568	7326	5900	5438	10752	1048	2888	452	5194	308	2170	1286	9820	0	954	0	2704	26	112	4	288	28	24	200	188	862	1044	356	732	258	1870	440	606	846	1282	426	366	548	834	160	372	212	648	246	154	256	608	544	170	194	222	
357208	sub-C009_preop3T_AAL_6101	296	166	1956	376	876	208	1818	92	392	20	474	8	562	32	464	38	1000	12	234	156	336	108	250	174	100	66	470	158	1366	6	116	100	166	676	2696	1750	1414	280	1102	152	264	180	1162	226	2928	572	1214	268	4916	366	6412	50	166	14	950	250	16756	2928	0	5056	14704	4	942	0	4928	54	23392	7162	550	918	2202	612	5370	208	768	176	11506	1134	2428	44	5598	68	488	14	3928	36	206	10	938	66	2174	976	806	564	3122	570	918	518	2000	938	506	120	1656	510	1108	316	368	454	1652	466	506	468	1122	896	992	1080	
441608	sub-C009_preop3T_AAL_6102	58	2840	836	1558	430	548	610	1186	112	60	12	812	18	680	100	176	0	1152	132	196	84	104	164	620	62	126	194	264	24	728	26	34	1094	880	5732	4888	1882	1410	520	718	242	610	1570	1280	2464	10044	896	896	2756	11474	632	3086	28	28	642	628	2800	23862	5056	0	58	13936	0	4902	2	8102	11664	22388	1694	3468	1224	3276	1320	4264	676	1952	3888	11544	0	2308	12	3958	92	344	18	1258	90	140	290	328	1028	1100	448	568	640	3324	634	710	1016	1410	530	180	756	474	346	266	358	542	292	572	408	676	594	214	208	250	
242964	sub-C009_preop3T_AAL_6201	4968	26	550	24	268	16	1460	4	132	2	616	0	422	0	168	4	2112	0	76	14	60	8	26	2	12	6	134	10	826	0	0	2	2	6	40	58	114	14	90	12	62	4	42	6	26	22	110	38	204	8	10892	2	906	2	796	34	19532	34	14704	58	0	0	11774	0	18020	0	414	78	30	12	134	26	2286	22	292	16	2034	48	1802	2	4838	2	258	0	8174	2	94	0	4000	8	650	296	260	168	846	140	164	110	462	260	146	34	626	124	290	82	104	130	630	104	138	100	380	334	368	404	
156492	sub-C009_preop3T_AAL_6202	4	5950	40	842	14	30	24	1736	0	6	2	2200	0	1102	0	94	0	1670	14	78	4	16	2	222	2	4	12	20	0	912	4	0	2	0	6	8	54	134	14	32	10	74	12	14	2	28	20	16	4	90	4	178	2	16	18	172	0	8958	4	13936	0	0	0	14142	0	11852	12	38	8	2	16	182	56	3900	44	542	54	190	0	2588	0	3422	2	422	0	1232	4	56	12	380	8	20	2	6	10	22	8	14	10	26	10	6	12	18	6	14	8	16	12	8	6	8	4	4	8	12	
103924	sub-C009_preop3T_AAL_6211	3522	0	36	2	14	0	138	2	0	0	852	0	230	0	48	0	3586	0	8	0	10	0	20	0	0	0	8	0	768	0	0	0	0	0	0	0	14	0	12	2	20	0	30	0	14	0	38	0	36	0	332	0	276	0	140	0	6236	0	942	0	11774	0	0	0	2386	0	150	0	0	0	0	0	268	2	20	2	12	2	1308	0	7196	0	64	0	8048	0	22	0	3340	0	32	0	0	0	0	0	0	0	0	0	0	0	0	0	0	0	0	0	0	0	0	0	0	0	0	0	
175732	sub-C009_preop3T_AAL_6212	4	4286	68	1164	10	12	40	1156	0	12	0	6090	0	2404	0	82	0	7672	8	290	2	2	20	284	2	0	6	0	0	1798	6	0	0	0	6	22	38	70	12	16	4	20	8	68	4	56	10	26	2	120	2	158	0	68	10	230	0	14768	0	4902	0	14142	0	0	0	4550	4	88	4	0	30	50	52	4224	40	148	62	106	0	1256	0	10268	2	382	0	5328	2	70	4	876	12	10	10	2	4	6	2	8	2	6	6	0	8	4	0	14	4	6	8	0	6	2	4	2	6	8	
144068	sub-C009_preop3T_AAL_6221	1362	0	244	0	170	4	1044	2	84	0	182	0	208	0	70	0	338	0	44	0	18	2	10	0	6	0	86	2	314	0	0	0	0	0	4	4	48	0	26	0	30	0	30	4	12	2	46	8	56	2	10822	2	2150	0	1784	0	4120	0	4928	2	18020	0	2386	0	0	0	96	4	0	0	48	8	808	6	52	0	66	2	878	0	3162	0	154	0	12376	0	62	0	5374	0	126	6	8	2	8	0	8	2	14	6	8	2	8	8	8	4	4	8	4	0	8	8	4	4	2	2	
168088	sub-C009_preop3T_AAL_6222	0	2256	82	618	32	456	62	1524	8	242	2	890	0	634	6	278	2	1158	16	124	6	30	10	146	8	6	18	152	2	760	2	0	2	0	56	88	192	808	44	170	16	574	16	24	6	98	32	52	24	1926	6	8752	2	104	50	2476	0	1568	54	8102	0	11852	0	4550	0	0	78	206	2	4	56	282	138	2882	88	486	410	436	2	2722	6	7738	10	500	6	11428	10	248	26	3806	82	134	38	46	68	88	66	72	88	132	46	18	62	28	26	16	28	26	26	36	42	46	48	6	12	20	
797076	sub-C009_preop3T_AAL_6301	58	288	5412	1688	2658	724	1738	216	870	100	92	20	182	56	1208	100	162	18	670	924	1206	754	4686	1400	2534	506	1946	826	418	14	6030	1850	13220	6648	28174	16058	13894	7468	9976	642	1304	608	30450	14590	17476	8418	19906	6406	14774	7224	1688	150	256	98	5380	574	3202	7326	23392	11664	414	12	150	4	96	78	0	39750	3858	3012	2488	1554	4110	1048	860	656	8088	2336	452	60	750	108	496	26	396	48	506	52	1724	126	1230	596	358	310	1418	488	1700	664	1224	744	288	58	570	288	520	182	206	286	520	336	808	498	582	348	322	416	
854872	sub-C009_preop3T_AAL_6302	30	84	1940	4344	3182	1360	910	396	1700	276	6	116	30	76	1712	330	4	252	352	1130	790	718	2724	3744	762	1096	1930	716	64	274	2150	4642	4790	14016	24730	26168	14592	15266	4184	6990	908	1442	17680	31006	9892	24304	10306	18344	10170	20712	1684	2180	98	202	1482	3340	1458	5900	7162	22388	78	38	0	88	4	206	39750	0	1814	4580	1636	2174	5062	2586	964	1428	5702	5608	18	574	46	1672	276	194	62	840	336	424	762	348	694	456	236	290	664	572	1014	764	632	586	216	98	382	252	304	178	144	302	310	418	1114	358	384	192	178	194	
211856	sub-C009_preop3T_AAL_6401	5092	3948	1526	4456	380	102	522	154	138	8	20	26	118	42	106	12	10	12	9698	8356	82	152	238	174	114	148	94	80	84	12	302	348	3478	4948	44	246	220	52	104	92	50	28	80	138	56	28	130	176	88	8	56	10	30	8	178	112	7420	5438	550	1694	30	8	0	4	0	2	3858	1814	0	6186	3458	378	1044	118	768	76	14616	378	2	0	16	10	28	10	16	8	20	4	92	22	1094	390	328	284	1866	140	254	168	1070	362	238	64	600	230	1040	732	146	214	356	36	118	162	358	170	186	340	
120076	sub-C009_preop3T_AAL_6402	18	6776	240	1200	98	122	120	110	18	12	0	6	0	30	10	6	0	0	370	5170	28	32	162	256	26	44	30	50	0	0	124	116	1510	4112	140	18	92	106	72	14	36	16	86	12	10	2	98	26	10	2	2	8	8	2	76	22	1356	10752	918	3468	12	2	0	0	0	4	3012	4580	6186	0	422	624	56	110	20	168	352	3842	0	0	0	2	6	2	0	2	6	0	32	6	150	194	54	140	84	256	64	70	134	192	44	42	82	180	34	238	36	76	72	8	24	58	76	24	48	64	
505784	sub-C009_preop3T_AAL_7001	208	430	7174	1230	17558	4492	4572	406	2328	102	56	244	302	170	2338	440	14	122	1656	756	10740	5396	1884	364	5194	2726	18806	9262	188	194	4252	1846	1700	876	884	496	12250	2252	5720	1312	3886	1846	2022	1034	928	578	3968	1046	1384	602	914	266	584	108	4048	856	1742	1048	2202	1224	134	16	0	30	48	56	2488	1636	3458	422	0	9004	15448	2762	5208	1368	21134	2424	6	66	34	288	1360	516	170	202	2074	634	2470	160	1854	742	574	398	1662	442	876	234	1390	628	362	114	1132	434	664	478	294	296	1444	296	314	188	732	524	804	1174	
572936	sub-C009_preop3T_AAL_7002	28	1194	2928	8174	4312	19682	2440	3514	190	1992	54	864	62	976	308	2666	0	296	582	626	2142	11762	1052	3952	2114	7978	6932	18750	48	578	2324	3182	718	1410	468	556	2912	17672	1224	8518	922	10356	556	2332	174	1574	962	2868	226	1544	194	1160	142	586	766	5410	214	2888	612	3276	26	182	0	50	8	282	1554	2174	378	624	9004	0	3258	23248	1610	14552	3410	27418	0	14	8	370	272	1388	52	448	340	2346	576	850	634	552	304	350	256	868	238	228	412	562	222	124	540	438	304	526	158	276	588	212	172	172	426	302	558	662	
1.02384e+06	sub-C009_preop3T_AAL_7011	6042	368	30082	1330	26648	1774	22768	572	13172	306	2110	248	7314	190	19790	430	1754	154	6408	352	4624	924	3068	406	1276	534	15594	1388	15458	176	338	240	158	76	1482	974	24862	7072	9014	1398	10138	2982	14378	3792	4236	1666	25880	3280	7762	1712	8878	450	7550	242	12156	1984	5978	452	5370	1320	2286	56	268	52	808	138	4110	5062	1044	56	15448	3258	0	3804	27804	4544	25560	3958	1040	138	3370	366	7382	176	5074	232	4672	288	6404	570	5592	2232	844	1122	846	1142	2238	700	2030	2154	616	242	1454	788	690	718	460	862	1524	758	768	856	1214	670	988	1364	
902888	sub-C009_preop3T_AAL_7012	58	9050	2216	20888	2038	24378	1706	11378	310	9968	52	7022	72	6700	370	14110	8	4984	452	2320	716	4176	508	7032	554	3050	2004	12798	106	16086	288	174	76	88	768	530	4060	26746	1568	9104	798	20554	1556	9184	312	3096	2022	16670	264	4332	136	5666	118	4466	1176	11650	78	5194	208	4264	22	3900	2	4224	6	2882	1048	2586	118	110	2762	23248	3804	0	2168	27398	3200	15806	4	1578	20	8126	194	7454	40	9528	252	6032	620	5956	1154	1394	516	774	194	748	508	592	1068	2024	488	310	732	1006	298	694	270	1296	562	172	264	744	780	326	524	662	
318768	sub-C009_preop3T_AAL_7021	4826	298	9450	776	4586	838	5428	340	1164	112	178	110	650	80	1252	244	44	88	3078	214	510	392	1158	214	420	182	1948	492	426	104	108	90	24	26	520	380	8412	3702	3058	1166	3016	2920	1568	574	894	518	1858	706	2052	614	1300	330	338	110	2250	1434	2514	308	768	676	292	44	20	40	52	88	860	964	768	20	5208	1610	27804	2168	0	4262	13360	2142	36	70	84	198	1552	100	128	186	1658	202	680	236	808	604	444	404	552	596	922	458	732	698	336	136	694	380	384	402	222	474	528	468	396	408	488	332	384	466	
