data	data	353220	255668	587852	861248	402700	268732	422608	289928	187984	224612	125904	114324	228080	175212	350184	270856	85672	83260	319240	351456	251840	280592	335064	394364	174064	204688	271072	271012	198852	179748	362032	463948	258640	304720	414412	330068	590064	632780	426356	500320	286612	546856	442204	517884	308280	376096	443048	366608	407304	310028	364244	112544	88448	83060	486560	531992	319944	269492	376584	291368	200376	98232	85892	141620	116096	128904	614248	563780	213956	101972	405672	620008	784312	747984	338648	320428	645708	590360	36388	69016	168380	235760	276360	277996	559800	265044	257716	279508	412880	288488	355676	234024	147828	249240	129428	129212	489396	357992	556492	479196	244592	116260	320172	328140	185292	206352	218112	213576	143620	83568	309356	305740	167652	143428	106296	142168	
data	data	sub-C005_preop3T_AAL_2001	sub-C005_preop3T_AAL_2002	sub-C005_preop3T_AAL_2101	sub-C005_preop3T_AAL_2102	sub-C005_preop3T_AAL_2111	sub-C005_preop3T_AAL_2112	sub-C005_preop3T_AAL_2201	sub-C005_preop3T_AAL_2202	sub-C005_preop3T_AAL_2211	sub-C005_preop3T_AAL_2212	sub-C005_preop3T_AAL_2301	sub-C005_preop3T_AAL_2302	sub-C005_preop3T_AAL_2311	sub-C005_preop3T_AAL_2312	sub-C005_preop3T_AAL_2321	sub-C005_preop3T_AAL_2322	sub-C005_preop3T_AAL_2331	sub-C005_preop3T_AAL_2332	sub-C005_preop3T_AAL_2401	sub-C005_preop3T_AAL_2402	sub-C005_preop3T_AAL_2501	sub-C005_preop3T_AAL_2502	sub-C005_preop3T_AAL_2601	sub-C005_preop3T_AAL_2602	sub-C005_preop3T_AAL_2611	sub-C005_preop3T_AAL_2612	sub-C005_preop3T_AAL_2701	sub-C005_preop3T_AAL_2702	sub-C005_preop3T_AAL_3001	sub-C005_preop3T_AAL_3002	sub-C005_preop3T_AAL_4001	sub-C005_preop3T_AAL_4002	sub-C005_preop3T_AAL_4011	sub-C005_preop3T_AAL_4012	sub-C005_preop3T_AAL_4021	sub-C005_preop3T_AAL_4022	sub-C005_preop3T_AAL_4101	sub-C005_preop3T_AAL_4102	sub-C005_preop3T_AAL_4111	sub-C005_preop3T_AAL_4112	sub-C005_preop3T_AAL_4201	sub-C005_preop3T_AAL_4202	sub-C005_preop3T_AAL_5001	sub-C005_preop3T_AAL_5002	sub-C005_preop3T_AAL_5011	sub-C005_preop3T_AAL_5012	sub-C005_preop3T_AAL_5021	sub-C005_preop3T_AAL_5022	sub-C005_preop3T_AAL_5101	sub-C005_preop3T_AAL_5102	sub-C005_preop3T_AAL_5201	sub-C005_preop3T_AAL_5202	sub-C005_preop3T_AAL_5301	sub-C005_preop3T_AAL_5302	sub-C005_preop3T_AAL_5401	sub-C005_preop3T_AAL_5402	sub-C005_preop3T_AAL_6001	sub-C005_preop3T_AAL_6002	sub-C005_preop3T_AAL_6101	sub-C005_preop3T_AAL_6102	sub-C005_preop3T_AAL_6201	sub-C005_preop3T_AAL_6202	sub-C005_preop3T_AAL_6211	sub-C005_preop3T_AAL_6212	sub-C005_preop3T_AAL_6221	sub-C005_preop3T_AAL_6222	sub-C005_preop3T_AAL_6301	sub-C005_preop3T_AAL_6302	sub-C005_preop3T_AAL_6401	sub-C005_preop3T_AAL_6402	sub-C005_preop3T_AAL_7001	sub-C005_preop3T_AAL_7002	sub-C005_preop3T_AAL_7011	sub-C005_preop3T_AAL_7012	sub-C005_preop3T_AAL_7021	sub-C005_preop3T_AAL_7022	sub-C005_preop3T_AAL_7101	sub-C005_preop3T_AAL_7102	sub-C005_preop3T_AAL_8101	sub-C005_preop3T_AAL_8102	sub-C005_preop3T_AAL_8111	sub-C005_preop3T_AAL_8112	sub-C005_preop3T_AAL_8121	sub-C005_preop3T_AAL_8122	sub-C005_preop3T_AAL_8201	sub-C005_preop3T_AAL_8202	sub-C005_preop3T_AAL_8211	sub-C005_preop3T_AAL_8212	sub-C005_preop3T_AAL_8301	sub-C005_preop3T_AAL_8302	sub-C005_preop3T_AAL_9001	sub-C005_preop3T_AAL_9002	sub-C005_preop3T_AAL_9011	sub-C005_preop3T_AAL_9012	sub-C005_preop3T_AAL_9021	sub-C005_preop3T_AAL_9022	sub-C005_preop3T_AAL_9031	sub-C005_preop3T_AAL_9032	sub-C005_preop3T_AAL_9041	sub-C005_preop3T_AAL_9042	sub-C005_preop3T_AAL_9051	sub-C005_preop3T_AAL_9052	sub-C005_preop3T_AAL_9061	sub-C005_preop3T_AAL_9062	sub-C005_preop3T_AAL_9071	sub-C005_preop3T_AAL_9072	sub-C005_preop3T_AAL_9081	sub-C005_preop3T_AAL_9082	sub-C005_preop3T_AAL_9100	sub-C005_preop3T_AAL_9110	sub-C005_preop3T_AAL_9120	sub-C005_preop3T_AAL_9130	sub-C005_preop3T_AAL_9140	sub-C005_preop3T_AAL_9150	sub-C005_preop3T_AAL_9160	sub-C005_preop3T_AAL_9170	
353220	sub-C005_preop3T_AAL_2001	0	3092	10736	1562	86	22	16068	1270	78	18	13226	96	3220	92	370	16	7622	4	3156	3076	86	82	42	58	6	6	60	78	1638	24	58	26	36	618	22	16	3482	124	94	98	48	72	46	36	28	28	58	26	304	22	1036	80	16	0	58	38	22586	168	622	70	5280	86	2958	28	3138	430	60	28	13754	398	494	364	6626	220	6672	170	12792	1506	494	2	3120	158	366	16	9982	418	200	26	3366	134	394	210	262	152	384	140	600	384	426	254	376	456	472	888	308	224	246	352	82	54	392	142	126	70	44	80	
255668	sub-C005_preop3T_AAL_2002	3092	0	392	10004	10	18	46	16996	14	28	0	6830	24	4462	16	50	0	512	2000	2940	84	76	20	132	6	8	22	34	6	562	22	26	1188	384	14	6	94	706	94	80	44	90	68	120	16	34	40	100	32	86	20	1018	0	0	40	58	800	16334	42	688	10	2412	0	1714	0	4878	56	20	8614	5544	120	1288	286	4528	420	3078	822	9784	0	24	0	896	12	82	16	3132	16	24	22	1198	382	290	270	360	220	296	328	198	324	356	316	248	286	616	190	1232	106	146	712	198	168	74	146	52	80	616	
587852	sub-C005_preop3T_AAL_2101	10736	392	0	26866	4556	2444	41332	2198	4052	48	7782	264	6110	264	2546	56	994	0	32982	7708	214	198	36466	11682	1146	1118	146	124	2786	14	12008	18522	2944	2850	1180	160	530	102	332	110	226	106	568	248	126	40	878	162	1116	138	1676	10	330	0	202	42	1050	50	652	44	214	20	52	26	154	54	1232	254	836	16	1094	1690	13620	1052	3006	282	6392	2832	300	2	330	18	1512	32	1216	52	926	48	472	34	180	80	94	86	338	52	100	86	172	112	94	210	124	446	270	316	52	202	432	290	88	20	32	30	176	450	
861248	sub-C005_preop3T_AAL_2102	1562	10004	26866	0	5782	7594	16042	37672	1318	796	6	5414	2772	8810	986	1054	0	180	10594	36142	1058	1288	21926	53140	3458	6082	1434	1058	78	826	15644	29242	3906	9488	1102	2508	808	2322	606	1264	380	1188	1242	3948	202	1176	712	3718	266	1632	178	78	58	14	288	1266	238	616	248	752	18	16	0	160	4	154	1744	3684	2460	142	2336	13606	1924	15664	674	2864	1798	20028	0	30	8	338	180	194	320	598	262	310	318	466	246	92	186	196	640	368	248	158	218	292	212	98	244	382	930	2102	66	316	1746	420	230	62	100	146	190	1404	
402700	sub-C005_preop3T_AAL_2111	86	10	4556	5782	0	9814	1596	284	8696	358	6	2	174	172	14120	554	10	0	104	14	5284	4608	4154	2260	12306	7754	15426	4964	4288	20	6724	9256	524	102	1332	192	3146	1188	6802	776	3812	612	2454	474	412	230	3712	200	772	32	894	10	234	6	810	192	48	24	158	80	28	0	0	0	18	4	564	316	26	8	9434	1508	12654	1328	1566	654	2514	356	12	2	18	10	6176	150	3518	24	3760	378	2214	54	178	18	56	14	118	26	114	56	380	44	50	20	40	32	68	8	8	8	30	16	60	32	10	10	22	28	
268732	sub-C005_preop3T_AAL_2112	22	18	2444	7594	9814	0	276	830	266	8252	0	4	66	24	462	6366	0	0	10	10	2102	5340	3094	1644	5184	5596	4362	11862	32	872	3808	6440	286	496	312	320	870	2110	604	3968	530	3922	426	446	194	208	376	448	96	166	56	16	18	80	170	1036	14	42	42	60	2	6	0	16	0	10	344	504	14	12	4342	5764	1136	6940	790	1754	594	820	0	2	2	88	176	2352	444	184	214	2278	392	248	32	4	12	8	40	26	34	58	104	32	14	4	16	16	56	40	4	16	92	42	28	18	10	20	16	90	
422608	sub-C005_preop3T_AAL_2201	16068	46	41332	16042	1596	276	0	3040	9130	118	5228	192	23428	352	6270	146	144	0	1116	534	606	442	12086	9964	304	288	634	364	2800	14	1352	5180	266	670	290	120	2166	300	1156	244	746	302	1072	210	198	88	1626	120	1254	72	2154	8	836	20	846	122	596	24	832	66	476	0	26	10	804	0	470	170	72	10	3488	1708	11570	628	2004	206	5706	954	130	0	192	18	1184	94	1738	6	1086	150	1326	36	120	14	32	20	158	18	18	16	168	26	28	14	40	38	94	120	14	20	184	100	18	14	14	22	56	180	
289928	sub-C005_preop3T_AAL_2202	1270	16996	2198	37672	284	830	3040	0	478	2930	6	3910	546	17580	388	2614	2	118	792	2016	196	164	988	4792	108	66	322	178	28	548	140	372	84	44	304	138	384	1490	230	738	168	708	646	1782	116	622	462	1866	138	542	76	508	10	14	98	920	88	1176	128	292	12	418	0	332	0	2592	182	282	1450	8	806	4752	734	6480	260	876	716	3034	0	32	6	904	68	158	128	2522	100	174	106	858	42	14	44	22	102	26	42	26	52	94	42	14	38	54	180	120	4	34	226	64	32	12	12	46	26	262	
187984	sub-C005_preop3T_AAL_2211	78	14	4052	1318	8696	266	9130	478	0	166	6	0	2892	100	14182	168	16	0	108	0	604	360	290	236	204	114	1500	292	2746	2	66	184	18	28	638	192	1924	600	1180	232	992	330	2162	304	206	166	2646	92	816	44	1050	6	354	30	704	158	48	18	336	84	18	0	0	0	16	0	228	172	12	4	4050	622	10006	750	1548	378	3596	198	6	2	58	10	3066	56	1858	12	1542	150	1132	74	128	6	16	8	82	6	32	14	218	18	10	10	18	24	44	14	2	4	30	8	14	24	10	8	14	40	
224612	sub-C005_preop3T_AAL_2212	18	28	48	796	358	8252	118	2930	166	0	2	12	52	2188	168	12982	2	0	10	14	128	286	20	64	84	12	64	2238	14	1052	14	18	10	20	798	86	1324	5204	240	4202	362	8694	1238	1408	606	470	668	2220	292	362	88	14	8	226	96	3346	10	32	60	44	2	4	0	20	0	10	564	610	12	8	288	9218	998	17218	566	2768	770	1938	0	4	2	194	36	5054	348	462	72	3370	220	1138	30	14	10	16	168	40	46	104	90	104	20	10	30	38	294	124	8	40	348	80	44	18	18	62	46	344	
125904	sub-C005_preop3T_AAL_2301	13226	0	7782	6	6	0	5228	6	6	2	0	4	12306	2	842	2	5650	0	5400	2	4	0	48	4	0	0	2	0	3196	0	4	0	0	0	0	0	6	0	0	0	8	0	6	2	2	0	16	0	52	2	572	0	6	0	2	0	1180	0	90	0	406	0	864	0	462	0	2	0	12	0	4	4	380	2	24	0	18	12	294	0	1250	0	1090	0	1762	0	40	0	610	0	4	0	2	2	0	0	4	0	6	4	2	0	0	4	4	2	0	0	2	0	0	2	0	0	0	6	
114324	sub-C005_preop3T_AAL_2302	96	6830	264	5414	2	4	192	3910	0	12	4	0	4	13588	4	484	0	5018	136	2516	2	14	160	812	2	2	0	10	2	4566	38	66	40	32	2	2	12	46	8	12	8	62	90	292	0	82	16	286	0	200	0	30	0	0	8	112	2	1106	4	134	2	92	0	2274	0	96	8	12	52	0	16	72	66	2828	32	58	90	162	0	178	0	1576	0	1432	8	904	4	4	8	284	6	6	4	0	24	2	4	2	2	42	8	0	8	4	20	12	6	2	4	2	2	0	0	0	0	6	
228080	sub-C005_preop3T_AAL_2311	3220	24	6110	2772	174	66	23428	546	2892	52	12306	4	0	62	7342	68	106	0	2300	42	280	188	804	2102	54	50	326	180	8624	4	92	482	38	42	112	32	1158	144	600	108	408	140	1256	106	160	48	1948	24	1436	14	2324	4	1018	14	604	48	352	10	572	34	82	0	6	0	144	0	268	60	48	8	1272	686	11744	220	1630	86	3458	106	70	0	156	4	1538	50	1968	0	1252	72	990	18	134	2	16	6	62	2	6	6	210	8	10	4	10	14	36	10	6	6	20	10	8	4	4	6	8	42	
175212	sub-C005_preop3T_AAL_2312	92	4462	264	8810	172	24	352	17580	100	2188	2	13588	62	0	98	6638	0	356	126	1876	24	26	194	1506	44	2	12	24	22	3756	32	66	44	36	496	52	266	1632	54	652	38	310	720	1012	164	244	430	1810	144	182	42	32	2	28	22	930	10	192	34	38	0	32	0	442	0	366	146	172	66	0	80	2048	452	6410	56	536	304	1266	0	16	2	508	16	268	38	822	20	164	12	262	10	18	4	14	82	12	22	18	12	84	6	6	10	22	152	42	4	10	124	46	14	0	4	20	20	232	
350184	sub-C005_preop3T_AAL_2321	370	16	2546	986	14120	462	6270	388	14182	168	842	4	7342	98	0	234	88	0	736	20	5488	798	252	170	696	204	7574	1452	12404	14	160	228	106	52	888	186	4058	642	8764	568	4262	534	3124	314	390	160	4616	76	2038	28	2938	12	1186	8	1066	186	198	24	510	70	64	0	2	0	108	2	522	150	14	10	4462	1104	17084	824	1726	566	4072	340	50	0	1428	4	13430	126	4636	20	5240	342	1858	42	290	18	52	14	72	24	128	52	434	38	52	10	20	24	72	12	12	8	30	14	58	36	14	12	14	40	
270856	sub-C005_preop3T_AAL_2322	16	50	56	1054	554	6366	146	2614	168	12982	2	484	68	6638	234	0	2	230	6	40	564	2332	34	118	114	84	638	4288	28	11326	96	86	48	34	820	70	824	4270	210	5206	158	7958	1314	1806	420	548	762	4136	250	492	82	26	6	250	74	4252	14	88	34	200	2	0	0	56	0	10	380	466	16	4	780	4616	870	19388	164	1616	524	1444	0	24	2	1420	66	9570	130	1246	60	3884	74	1326	20	12	12	6	122	22	34	46	34	292	16	6	16	22	204	66	4	16	200	48	20	10	8	38	28	218	
85672	sub-C005_preop3T_AAL_2331	7622	0	994	0	10	0	144	2	16	2	5650	0	106	0	88	2	0	0	728	0	18	0	70	0	0	0	6	0	4336	0	0	0	0	0	0	0	6	0	6	0	56	0	4	0	48	0	4	0	184	0	412	0	0	0	6	0	5490	0	290	0	536	0	3502	0	258	0	50	0	4	0	0	0	1142	0	26	0	10	0	2188	0	5134	0	776	0	2256	0	102	0	538	0	2	0	2	0	0	0	2	0	4	0	2	0	0	0	0	0	0	0	0	0	0	2	0	0	0	0	
83260	sub-C005_preop3T_AAL_2332	4	512	0	180	0	0	0	118	0	0	0	5018	0	356	0	230	0	0	0	28	0	8	0	120	0	0	0	2	0	4510	2	0	0	0	2	2	0	36	0	2	0	28	54	162	0	48	22	192	0	108	0	36	0	2	0	80	0	5036	0	978	0	246	0	6616	0	54	2	12	4	0	4	18	0	2458	0	20	0	14	0	4220	0	6780	0	2480	0	510	0	0	0	272	0	0	0	0	0	0	0	0	0	24	0	0	0	4	4	0	0	4	2	0	0	0	0	0	0	6	
319240	sub-C005_preop3T_AAL_2401	3156	2000	32982	10594	104	10	1116	792	108	10	5400	136	2300	126	736	6	728	0	0	19488	60	36	4186	822	20	26	48	34	1800	4	6816	7888	7136	7120	356	312	220	98	224	70	204	52	232	150	32	16	324	206	650	72	932	8	90	0	84	32	594	42	402	42	128	2	34	4	122	16	1016	918	5922	244	364	1106	8168	682	1504	198	7088	3700	156	0	186	12	1022	10	622	24	578	18	206	24	148	46	100	62	638	44	80	54	140	92	90	84	116	184	420	606	40	96	372	230	60	20	26	18	134	414	
351456	sub-C005_preop3T_AAL_2402	3076	2940	7708	36142	14	10	534	2016	0	14	2	2516	42	1876	20	40	0	28	19488	0	52	46	2246	2756	22	38	52	32	2	128	8070	8902	6752	17796	528	492	136	146	122	90	54	104	106	562	38	192	70	396	24	466	10	28	0	0	36	106	1176	736	116	244	2	16	0	174	0	104	1596	1648	11434	6242	36	1082	250	2644	130	306	298	11658	0	2	0	274	18	24	8	588	40	10	12	108	86	68	98	170	316	420	96	86	66	168	94	66	84	310	412	2456	24	220	1268	172	80	26	60	34	40	766	
251840	sub-C005_preop3T_AAL_2501	86	84	214	1058	5284	2102	606	196	604	128	4	2	280	24	5488	564	18	0	60	52	0	7322	318	870	3458	3740	11974	7300	846	40	6222	3718	2018	1222	1276	164	2998	1186	6446	1546	3986	1184	690	212	328	168	998	112	226	82	208	10	54	18	566	316	36	96	74	148	6	2	0	2	14	4	1004	690	10	38	12638	4208	4688	824	636	670	1902	762	10	0	14	18	2774	388	1042	46	1854	532	880	104	100	12	30	10	50	16	98	34	162	28	32	2	26	28	90	32	16	20	88	26	40	24	12	24	34	96	
280592	sub-C005_preop3T_AAL_2502	82	76	198	1288	4608	5340	442	164	360	286	0	14	188	26	798	2332	0	8	36	46	7322	0	384	1440	1938	7082	7086	13756	30	1318	3396	7004	946	2300	560	442	1408	3706	1200	6464	696	6112	530	578	184	354	466	536	144	288	102	80	36	190	382	1642	42	120	58	174	10	4	0	20	2	16	690	1254	34	20	9782	11470	2342	4766	534	874	1364	1112	0	6	2	180	324	3298	294	286	416	2500	362	370	48	10	22	14	60	20	56	58	66	42	20	4	38	34	110	54	10	16	140	38	34	20	26	44	42	150	
335064	sub-C005_preop3T_AAL_2601	42	20	36466	21926	4154	3094	12086	988	290	20	48	160	804	194	252	34	70	0	4186	2246	318	384	0	16992	3510	2648	236	222	238	6	13078	15644	5194	4734	1922	580	208	74	130	92	82	84	252	212	178	24	290	238	280	86	416	0	150	0	86	14	112	10	184	32	52	0	6	14	4	0	2040	904	14	14	384	642	2986	596	736	146	724	582	82	0	84	10	176	10	206	14	132	26	124	10	36	2	16	8	92	4	2	2	30	16	12	2	22	18	76	50	2	16	114	86	16	0	0	8	52	112	
394364	sub-C005_preop3T_AAL_2602	58	132	11682	53140	2260	1644	9964	4792	236	64	4	812	2102	1506	170	118	0	120	822	2756	870	1440	16992	0	1796	6946	610	972	46	350	7658	18102	1992	5906	700	1824	316	950	206	588	152	520	450	1036	98	248	246	1206	114	336	102	26	44	0	122	312	44	178	92	366	2	2	0	54	2	16	1156	2446	76	30	738	7966	892	5182	248	836	884	5660	0	16	6	120	76	70	120	122	108	164	132	124	48	8	28	50	262	64	68	26	44	60	36	24	86	108	366	454	20	80	592	238	100	10	26	86	140	572	
174064	sub-C005_preop3T_AAL_2611	6	6	1146	3458	12306	5184	304	108	204	84	0	2	54	44	696	114	0	0	20	22	3458	1938	3510	1796	0	7200	6188	2484	108	2	10210	6634	2462	260	1958	90	422	278	668	130	488	100	342	106	250	54	482	56	64	12	60	2	14	2	166	36	8	8	26	18	6	0	0	0	0	0	1548	222	4	2	3438	544	1968	290	222	126	358	62	0	0	2	0	436	30	590	2	498	74	472	18	32	4	10	4	12	2	18	10	78	16	8	6	2	8	10	2	2	0	6	2	10	18	6	0	2	4	
204688	sub-C005_preop3T_AAL_2612	6	8	1118	6082	7754	5596	288	66	114	12	0	2	50	2	204	84	0	0	26	38	3740	7082	2648	6946	7200	0	3484	5446	22	8	8628	14970	1050	3574	466	926	248	250	300	642	196	654	88	114	60	54	94	108	16	12	22	2	12	0	72	92	0	10	18	46	0	0	0	0	0	0	962	1898	0	12	2930	3326	622	92	90	190	254	178	0	0	2	2	144	130	88	12	154	266	114	24	8	0	0	2	4	4	2	6	12	4	2	0	0	2	14	2	0	0	16	2	4	2	0	2	2	14	
271072	sub-C005_preop3T_AAL_2701	60	22	146	1434	15426	4362	634	322	1500	64	2	0	326	12	7574	638	6	0	48	52	11974	7086	236	610	6188	3484	0	10690	1234	24	4928	2710	2318	506	1698	110	2492	604	6382	1364	2988	860	298	130	306	92	504	68	150	40	102	8	20	4	458	198	16	46	38	46	6	0	0	0	6	2	1262	266	12	26	12674	3248	3138	444	612	464	1336	426	4	0	4	12	3110	278	610	30	1810	448	636	46	104	12	46	12	30	22	106	42	138	28	44	6	18	22	66	16	6	14	48	24	50	28	18	20	26	42	
271012	sub-C005_preop3T_AAL_2702	78	34	124	1058	4964	11862	364	178	292	2238	0	10	180	24	1452	4288	0	2	34	32	7300	13756	222	972	2484	5446	10690	0	46	658	3142	3648	930	424	686	88	1170	2106	1624	5806	828	5176	380	390	170	214	400	310	108	164	84	32	34	108	308	878	62	108	62	134	6	10	0	20	4	20	518	286	24	20	8204	6496	2226	5850	674	836	918	732	2	4	2	98	490	3712	402	210	502	3386	378	156	58	8	24	6	54	24	66	60	96	42	28	0	36	16	78	30	4	6	78	32	46	22	18	30	20	76	
198852	sub-C005_preop3T_AAL_3001	1638	6	2786	78	4288	32	2800	28	2746	14	3196	2	8624	22	12404	28	4336	0	1800	2	846	30	238	46	108	22	1234	46	0	2	12	22	8	4	116	20	292	62	1158	38	1806	60	1028	86	138	16	1714	12	1160	0	2480	0	744	0	236	24	2796	2	1120	4	344	0	64	0	662	0	138	14	6	2	190	58	12886	128	282	96	196	30	1388	0	2766	0	9238	4	3144	0	3664	48	1138	4	152	0	4	2	8	2	6	4	166	6	4	0	2	2	6	0	0	2	2	2	2	2	0	0	0	2	
179748	sub-C005_preop3T_AAL_3002	24	562	14	826	20	872	14	548	2	1052	0	4566	4	3756	14	11326	0	4510	4	128	40	1318	6	350	2	8	24	658	2	0	6	8	4	4	26	28	32	520	24	1452	28	2818	654	2076	4	500	150	1918	10	978	2	86	2	82	22	1100	6	1670	2	1424	0	10	0	874	0	58	30	74	20	0	78	368	72	17054	72	184	54	166	0	2282	0	7468	2	9416	36	2198	2	1490	40	1146	0	38	0	0	16	2	8	2	2	286	2	0	4	2	6	4	4	2	6	0	0	0	0	0	2	8	
362032	sub-C005_preop3T_AAL_4001	58	22	12008	15644	6724	3808	1352	140	66	14	4	38	92	32	160	96	0	2	6816	8070	6222	3396	13078	7658	10210	8628	4928	3142	12	6	0	26026	12272	6170	6048	288	432	92	308	274	144	248	230	70	568	34	92	56	48	26	28	4	0	2	146	32	2	98	18	106	2	0	0	6	0	2	5220	1196	32	94	4116	1322	860	168	76	76	438	238	0	0	0	6	98	74	90	18	122	118	144	14	6	2	0	2	8	0	10	0	8	4	0	2	0	18	18	24	0	12	32	10	4	0	2	4	6	26	
463948	sub-C005_preop3T_AAL_4002	26	26	18522	29242	9256	6440	5180	372	184	18	0	66	482	66	228	86	0	0	7888	8902	3718	7004	15644	18102	6634	14970	2710	3648	22	8	26026	0	4580	14534	1238	3766	396	340	334	684	198	684	204	410	110	76	124	642	44	56	40	6	12	4	116	88	0	34	22	122	2	0	0	18	0	0	2386	5288	32	46	2558	3406	678	410	142	210	488	568	0	0	2	14	142	108	86	30	136	246	148	20	8	2	4	6	22	4	8	12	20	12	6	2	2	12	24	56	0	4	94	48	30	0	0	0	16	84	
258640	sub-C005_preop3T_AAL_4011	36	1188	2944	3906	524	286	266	84	18	10	0	40	38	44	106	48	0	0	7136	6752	2018	946	5194	1992	2462	1050	2318	930	8	4	12272	4580	0	12410	12576	1132	860	156	616	216	208	186	662	158	950	54	476	152	20	22	20	4	6	0	114	52	146	2586	266	1746	0	0	0	8	0	0	20574	4244	4966	2810	1284	630	310	166	28	74	286	312	0	0	0	6	58	38	26	28	106	76	62	18	8	8	4	14	10	26	10	2	6	20	4	0	2	24	8	20	2	6	16	4	10	0	2	0	0	10	
304720	sub-C005_preop3T_AAL_4012	618	384	2850	9488	102	496	670	44	28	20	0	32	42	36	52	34	0	0	7120	17796	1222	2300	4734	5906	260	3574	506	424	4	4	6170	14534	12410	0	2058	6904	338	528	234	708	96	514	168	484	144	94	156	1412	18	22	18	10	12	0	74	82	1408	2074	960	530	0	0	0	4	0	4	7400	14332	8432	5918	1124	1954	266	104	52	126	248	522	0	0	0	4	38	64	24	30	64	168	48	12	6	10	8	28	12	28	6	16	6	18	4	16	4	42	10	86	2	28	54	10	70	2	8	2	6	34	
414412	sub-C005_preop3T_AAL_4021	22	14	1180	1102	1332	312	290	304	638	798	0	2	112	496	888	820	0	2	356	528	1276	560	1922	700	1958	466	1698	686	116	26	6048	1238	12576	2058	0	21724	6882	6992	2972	998	846	532	6624	10750	11810	10416	2974	740	10364	5914	2366	60	8	0	348	448	20	308	868	826	10	0	0	4	2	2	27626	16442	40	168	974	982	2688	3380	338	1154	2184	1308	0	34	18	100	270	64	282	198	440	184	236	132	80	84	30	96	48	42	132	64	104	104	40	108	46	170	52	24	20	30	78	26	68	16	28	30	20	92	
330068	sub-C005_preop3T_AAL_4022	16	6	160	2508	192	320	120	138	192	86	0	2	32	52	186	70	0	2	312	492	164	442	580	1824	90	926	110	88	20	28	288	3766	1132	6904	21724	0	2338	7006	326	3422	304	912	3584	10036	7872	10350	308	3460	9124	5970	2136	64	8	4	56	748	10	48	1500	814	6	0	0	0	0	4	15020	26422	84	14	232	824	798	1086	214	818	1518	1638	2	58	10	134	50	68	196	242	88	224	168	154	60	94	32	102	60	26	86	56	78	114	38	122	52	184	42	20	26	30	64	26	112	14	24	26	18	84	
590064	sub-C005_preop3T_AAL_4101	3482	94	530	808	3146	870	2166	384	1924	1324	6	12	1158	266	4058	824	6	0	220	136	2998	1408	208	316	422	248	2492	1170	292	32	432	396	860	338	6882	2338	0	12098	23078	3872	11682	4394	11334	5814	6650	3676	11170	1370	4748	1092	1634	24	76	58	12652	1608	2500	208	1772	392	294	0	0	2	106	2	8794	6544	284	80	9476	4238	12774	4408	9426	3710	26498	4202	20	0	42	30	3742	518	5716	64	7960	1670	12080	330	630	134	252	94	258	210	1054	464	1192	262	382	50	408	244	174	126	302	162	154	132	510	214	128	94	110	134	
632780	sub-C005_preop3T_AAL_4102	124	706	102	2322	1188	2110	300	1490	600	5204	0	46	144	1632	642	4270	0	36	98	146	1186	3706	74	950	278	250	604	2106	62	520	92	340	156	528	6992	7006	12098	0	1468	30050	2658	24722	8844	10098	5288	5486	4546	9550	3742	3096	1076	356	78	1336	1208	17872	68	542	704	568	70	20	0	68	4	28	6896	13238	44	84	2534	15988	4994	17736	3284	8540	5728	19894	2	38	6	1010	230	1376	2464	1218	374	5508	2174	5802	386	118	94	58	322	264	508	480	796	334	116	40	170	158	168	94	96	82	270	130	230	98	74	106	84	298	
426356	sub-C005_preop3T_AAL_4111	94	94	332	606	6802	604	1156	230	1180	240	0	8	600	54	8764	210	6	0	224	122	6446	1200	130	206	668	300	6382	1624	1158	24	308	334	616	234	2972	326	23078	1468	0	1346	13894	1370	5198	624	3654	472	11282	304	1586	88	562	8	32	4	16318	584	82	188	434	326	28	2	0	2	12	4	6500	666	24	84	6384	2112	6266	1066	3170	1622	12254	1266	8	2	22	16	8490	274	2060	34	11776	852	4898	92	914	140	216	122	1134	770	4550	1602	1224	504	304	38	282	174	138	76	276	146	170	576	1760	374	158	146	128	114	
500320	sub-C005_preop3T_AAL_4112	98	80	110	1264	776	3968	244	738	232	4202	0	12	108	652	568	5206	0	2	70	90	1546	6464	92	588	130	642	1364	5806	38	1452	274	684	216	708	998	3422	3872	30050	1346	0	1582	28812	2684	4428	1414	1616	1938	9454	738	746	216	70	22	424	512	19290	46	178	354	476	52	10	0	32	4	24	2462	7702	52	12	2602	11496	2010	11396	2170	6766	2410	11622	0	16	0	206	368	9632	672	448	640	13056	898	3314	290	86	58	56	242	784	688	1590	446	328	68	18	90	116	182	94	48	80	292	210	562	90	60	100	60	338	
286612	sub-C005_preop3T_AAL_4201	48	44	226	380	3812	530	746	168	992	362	8	8	408	38	4262	158	56	0	204	54	3986	696	82	152	488	196	2988	828	1806	28	144	198	208	96	846	304	11682	2658	13894	1582	0	3924	1398	530	656	432	3222	200	718	238	548	50	84	190	2890	1478	114	76	288	170	30	6	0	12	30	8	712	454	8	42	4024	2924	8808	1786	6432	4684	7084	994	26	8	54	134	6482	598	5314	120	7454	2174	5900	486	360	60	124	48	116	98	462	232	1152	154	130	8	64	56	74	38	34	52	66	32	228	176	46	32	36	68	
546856	sub-C005_preop3T_AAL_4202	72	90	106	1188	612	3922	302	708	330	8694	0	62	140	310	534	7958	0	28	52	104	1184	6112	84	520	100	654	860	5176	60	2818	248	684	186	514	532	912	4394	24722	1370	28812	3924	0	2458	3290	926	1870	2126	4426	566	1896	250	298	74	1182	1098	15300	54	162	438	442	58	18	0	66	4	38	1402	2394	36	8	2436	15536	4034	21502	4872	11946	2584	10972	2	36	6	944	518	14846	2262	1248	1048	16998	2830	4602	192	44	44	44	282	212	284	352	608	318	38	24	84	88	198	110	26	52	348	112	154	70	42	82	60	380	
442204	sub-C005_preop3T_AAL_5001	46	68	568	1242	2454	426	1072	646	2162	1238	6	90	1256	720	3124	1314	4	54	232	106	690	530	252	450	342	88	298	380	1028	654	230	204	662	168	6624	3584	11334	8844	5198	2684	1398	2458	0	12350	15696	6398	22654	5260	12166	2242	5098	12	608	100	3008	1624	42	88	290	206	12	2	0	36	2	6	10622	7156	38	20	2070	2212	9856	5688	1846	1776	4476	2348	2	6	492	736	1142	786	4734	886	1764	794	2664	896	646	36	66	30	282	98	1494	244	588	180	108	18	88	46	74	46	52	16	130	156	584	56	42	38	34	112	
517884	sub-C005_preop3T_AAL_5002	36	120	248	3948	474	446	210	1782	304	1408	2	292	106	1012	314	1806	0	162	150	562	212	578	212	1036	106	114	130	390	86	2076	70	410	158	484	10750	10036	5814	10098	624	4428	530	3290	12350	0	6826	28976	2538	19690	7618	22018	2460	1632	20	5498	366	6968	26	90	666	228	30	6	0	132	2	8	6292	16526	62	10	762	2162	1566	13622	568	4232	2026	1448	2	24	22	4534	124	3186	552	4278	152	2136	444	7416	90	250	14	108	102	100	216	670	168	480	26	44	54	106	138	66	40	30	180	72	290	36	32	60	40	222	
308280	sub-C005_preop3T_AAL_5011	28	16	126	202	412	194	198	116	206	606	2	0	160	164	390	420	48	0	32	38	328	184	178	98	250	60	306	170	138	4	568	110	950	144	11810	7872	6650	5288	3654	1414	656	926	15696	6826	0	7796	5958	802	18422	4196	1398	24	8	2	1532	578	18	74	2248	146	8	0	0	2	6	0	17468	8520	12	18	542	914	1394	1298	544	500	2614	1242	16	8	1094	18	808	42	1736	96	942	98	1048	104	168	40	96	38	180	42	426	118	210	64	134	22	110	42	42	14	44	26	58	38	130	30	28	24	26	58	
376096	sub-C005_preop3T_AAL_5012	28	34	40	1176	230	208	88	622	166	470	0	82	48	244	160	548	0	48	16	192	168	354	24	248	54	54	92	214	16	500	34	76	54	94	10416	10350	3676	5486	472	1616	432	1870	6398	28976	7796	0	928	3346	7638	24198	1902	2584	16	1910	238	3420	10	44	506	3496	12	0	0	32	2	6	7300	20822	12	4	518	1080	840	4628	384	2556	1354	1072	2	52	12	1648	74	1198	368	2526	114	516	332	3194	98	288	24	272	54	92	156	268	146	284	52	172	74	326	134	50	64	48	156	44	134	24	52	50	28	194	
443048	sub-C005_preop3T_AAL_5021	58	40	878	712	3712	376	1626	462	2646	668	16	16	1948	430	4616	762	4	22	324	70	998	466	290	246	482	94	504	400	1714	150	92	124	476	156	2974	308	11170	4546	11282	1938	3222	2126	22654	2538	5958	928	0	3496	1956	270	3656	34	4898	120	11740	2612	42	84	248	194	18	4	0	12	4	6	7258	1780	4	44	2526	2544	14464	3108	3556	1998	5174	1724	6	6	1078	136	2232	248	13028	220	2982	308	8572	376	1490	72	70	70	408	156	5882	2606	5998	826	118	26	118	68	58	42	184	256	102	252	3288	1242	44	40	40	80	
366608	sub-C005_preop3T_AAL_5022	26	100	162	3718	200	448	120	1866	92	2220	0	286	24	1810	76	4136	0	192	206	396	112	536	238	1206	56	108	68	310	12	1918	56	642	152	1412	740	3460	1370	9550	304	9454	200	4426	5260	19690	802	3346	3496	0	382	900	218	218	16	4684	2426	16810	22	62	392	224	24	2	0	102	0	8	1736	7254	54	6	314	2510	580	13518	242	1510	668	1584	2	16	30	1552	36	1828	366	2510	62	2388	328	3666	214	218	22	72	84	514	3062	4810	3626	5834	950	22	768	62	56	36	1150	250	74	330	3060	3656	36	16	42	88	
407304	sub-C005_preop3T_AAL_5101	304	32	1116	266	772	96	1254	138	816	292	52	0	1436	144	2038	250	184	0	650	24	226	144	280	114	64	16	150	108	1160	10	48	44	20	18	10364	9124	4748	3742	1586	738	718	566	12166	7618	18422	7638	1956	382	0	4436	25224	6	1430	8	1544	356	74	102	8800	184	1786	0	2	0	46	0	15280	8338	16	10	760	696	7142	1074	1592	728	5758	1072	680	14	6008	28	3794	42	5734	46	758	204	2074	112	578	72	232	68	514	106	1042	244	690	160	378	40	318	82	74	30	164	56	90	84	266	130	60	42	52	88	
310028	sub-C005_preop3T_AAL_5102	22	86	138	1632	32	166	72	542	44	362	2	200	14	182	28	492	0	108	72	466	82	288	86	336	12	12	40	164	0	978	26	56	22	22	5914	5970	1092	3096	88	746	238	1896	2242	22018	4196	24198	270	900	4436	0	898	8922	12	3906	112	4228	4	154	304	4004	6	42	0	102	2	1602	4564	9586	10	4	180	890	338	6184	272	2844	334	832	0	46	0	2904	22	1844	208	5434	38	794	218	6420	72	270	12	264	40	94	100	120	116	276	40	160	50	296	106	38	54	50	138	24	78	14	42	36	14	162	
364244	sub-C005_preop3T_AAL_5201	1036	20	1676	178	894	56	2154	76	1050	88	572	0	2324	42	2938	82	412	0	932	10	208	102	416	102	60	22	102	84	2480	2	28	40	20	18	2366	2136	1634	1076	562	216	548	250	5098	2460	1398	1902	3656	218	25224	898	0	2	11156	0	6870	172	2072	26	9212	50	8240	0	12	0	9460	0	2508	2104	4	4	614	366	9438	342	912	292	1964	346	364	2	6474	6	4620	14	23384	16	726	86	8320	52	616	30	62	22	180	50	396	110	1178	200	94	4	80	22	32	16	38	18	36	40	130	570	20	18	32	32	
112544	sub-C005_preop3T_AAL_5202	80	1018	10	78	10	16	8	508	6	14	0	30	4	32	12	26	0	36	8	28	10	80	0	26	2	2	8	32	0	86	4	6	4	10	60	64	24	356	8	70	50	298	12	1632	24	2584	34	218	6	8922	2	0	0	3468	24	1436	2	2062	6	5450	0	410	0	164	0	7800	38	1426	24	0	28	156	70	376	66	128	42	76	0	242	0	776	2	112	50	10354	6	42	50	4622	10	10	6	12	6	12	14	10	22	10	6	10	6	12	6	6	6	2	10	8	10	0	4	2	0	6	
88448	sub-C005_preop3T_AAL_5301	16	0	330	58	234	18	836	10	354	8	6	0	1018	2	1186	6	0	0	90	0	54	36	150	44	14	12	20	34	744	2	0	12	6	12	8	8	76	78	32	22	84	74	608	20	8	16	4898	16	1430	12	11156	0	0	0	4912	34	14	4	30	4	14	0	0	0	152	0	10	12	0	0	154	96	2684	48	148	72	90	26	0	0	934	4	1028	10	5180	4	136	18	3522	16	672	10	6	4	8	4	18	8	142	30	14	0	8	0	2	0	6	4	0	0	8	64	2	0	0	0	
83060	sub-C005_preop3T_AAL_5302	0	0	0	14	6	80	20	14	30	226	0	0	14	28	8	250	0	2	0	0	18	190	0	0	2	0	4	108	0	82	2	4	0	0	0	4	58	1336	4	424	190	1182	100	5498	2	1910	120	4684	8	3906	0	3468	0	0	106	7184	0	0	10	28	2	0	0	0	0	0	4	20	0	0	70	564	220	690	244	326	50	150	0	2	0	30	0	82	212	528	6	454	208	6104	4	34	0	2	12	0	6	24	62	78	0	0	2	0	4	0	2	0	2	2	2	0	0	2	0	2	
486560	sub-C005_preop3T_AAL_5401	58	40	202	288	810	170	846	98	704	96	2	8	604	22	1066	74	6	0	84	36	566	382	86	122	166	72	458	308	236	22	146	116	114	74	348	56	12652	1208	16318	512	2890	1098	3008	366	1532	238	11740	2426	1544	112	6870	24	4912	106	0	4556	164	178	508	300	128	0	4	6	178	2	2266	230	22	26	3846	1244	4654	624	2592	1184	7684	716	32	2	818	76	2422	144	9002	70	8606	308	19630	256	5636	1372	360	1114	624	1046	14812	9356	20634	7934	2084	88	1702	286	242	170	3500	2402	94	408	9252	10652	690	134	96	72	
531992	sub-C005_preop3T_AAL_5402	38	58	42	1266	192	1036	122	920	158	3346	0	112	48	930	186	4252	0	80	32	106	316	1642	14	312	36	92	198	878	24	1100	32	88	52	82	448	748	1608	17872	584	19290	1478	15300	1624	6968	578	3420	2612	16810	356	4228	172	1436	34	7184	4556	0	40	186	322	652	40	28	0	96	2	98	996	2454	38	12	796	6488	1674	10722	1780	4066	1026	4818	4	492	18	3118	204	1954	1218	3660	330	9898	1418	22390	822	3782	66	1480	232	696	5756	7246	6764	13832	798	134	640	470	114	146	1998	1150	120	114	4752	8112	434	38	38	128	
319944	sub-C005_preop3T_AAL_6001	22586	800	1050	238	48	14	596	88	48	10	1180	2	352	10	198	14	5490	0	594	1176	36	42	112	44	8	0	16	62	2796	6	2	0	146	1408	20	10	2500	68	82	46	114	54	42	26	18	10	42	22	74	4	2072	2	14	0	164	40	0	1902	22428	970	16926	4	5614	0	3212	14	1724	988	7792	1604	208	370	7676	46	5688	82	11070	618	1122	0	3470	2	492	8	6344	28	128	28	1778	26	1224	200	732	142	2598	134	1002	264	1250	314	760	268	892	520	868	100	424	156	108	58	278	258	238	80	54	92	
269492	sub-C005_preop3T_AAL_6002	168	16334	50	616	24	42	24	1176	18	32	0	1106	10	192	24	88	0	5036	42	736	96	120	10	178	8	10	46	108	2	1670	98	34	2586	2074	308	48	208	542	188	178	76	162	88	90	74	44	84	62	102	154	26	2062	4	0	178	186	1902	0	1952	15230	140	7780	0	12320	0	4614	4388	1298	3794	4676	224	1168	226	5252	166	2238	618	8012	0	1046	0	2346	24	570	26	1848	52	88	64	1156	264	530	172	980	204	1630	758	788	336	906	246	416	276	1312	134	1068	154	358	1004	264	674	172	300	98	100	762	
376584	sub-C005_preop3T_AAL_6101	622	42	652	248	158	42	832	128	336	60	90	4	572	34	510	34	290	0	402	116	74	58	184	92	26	18	38	62	1120	2	18	22	266	960	868	1500	1772	704	434	354	288	438	290	666	2248	506	248	392	8800	304	9212	6	30	10	508	322	22428	1952	0	6908	18900	0	248	0	4010	2	25422	9180	176	710	698	760	4846	676	3156	614	14350	2028	1928	8	3466	22	424	32	5122	42	246	234	2992	122	1734	228	898	186	3974	152	2098	384	2000	482	1064	160	1284	388	820	88	720	160	148	102	398	456	336	104	82	132	
291368	sub-C005_preop3T_AAL_6102	70	688	44	752	80	60	66	292	84	44	0	134	34	38	70	200	0	978	42	244	148	174	32	366	18	46	46	134	4	1424	106	122	1746	530	826	814	392	568	326	476	170	442	206	228	146	3496	194	224	184	4004	50	5450	4	28	300	652	970	15230	6908	0	320	7322	0	3444	2	7418	9248	14236	710	224	328	1082	500	4066	136	2300	1238	7632	4	5730	0	7166	42	2116	58	2534	108	186	118	820	270	570	92	854	204	1998	1090	1184	534	1016	178	726	240	1606	152	514	242	418	778	270	1062	290	314	156	130	604	
200376	sub-C005_preop3T_AAL_6201	5280	10	214	18	28	2	476	12	18	2	406	2	82	0	64	2	536	0	128	2	6	10	52	2	6	0	6	6	344	0	2	2	0	0	10	6	294	70	28	52	30	58	12	30	8	12	18	24	1786	6	8240	0	14	2	128	40	16926	140	18900	320	0	0	11512	0	15482	0	1018	314	10	26	34	130	1854	32	1150	30	1936	206	168	0	1182	0	104	2	5956	0	50	32	926	12	336	36	156	30	554	24	396	66	408	104	164	6	216	50	92	12	146	28	18	16	60	102	76	24	14	16	
98232	sub-C005_preop3T_AAL_6202	86	2412	20	16	0	6	0	418	0	4	0	92	0	32	0	0	0	246	2	16	2	4	0	2	0	0	0	10	0	10	0	0	0	0	0	0	0	20	2	10	6	18	2	6	0	0	4	2	0	42	0	410	0	0	0	28	4	7780	0	7322	0	0	0	13976	0	12672	0	0	26	0	4	12	6	66	4	16	2	30	0	18	0	696	0	18	4	1698	0	2	4	784	0	0	0	4	0	14	0	0	2	2	0	6	0	8	0	4	0	0	2	0	0	0	2	0	0	0	
85892	sub-C005_preop3T_AAL_6211	2958	0	52	0	0	0	26	0	0	0	864	0	6	0	2	0	3502	0	34	0	0	0	6	0	0	0	0	0	64	0	0	0	0	0	0	0	0	0	0	0	0	0	0	0	0	0	0	0	2	0	12	0	0	0	4	0	5614	0	248	0	11512	0	0	0	3012	0	10	0	0	0	0	0	70	0	0	0	0	0	402	0	6040	0	4	0	7962	0	4	0	532	0	0	0	0	0	0	0	0	0	2	0	0	0	0	0	0	0	0	0	0	0	0	2	0	0	0	0	
141620	sub-C005_preop3T_AAL_6212	28	1714	26	160	0	16	10	332	0	20	0	2274	0	442	0	56	0	6616	4	174	2	20	14	54	0	0	0	20	0	874	6	18	8	4	4	0	2	68	2	32	12	66	36	132	2	32	12	102	0	102	0	164	0	0	6	96	0	12320	0	3444	0	13976	0	0	0	6830	6	14	8	0	8	42	14	954	16	36	4	28	0	1190	0	8918	0	406	12	6502	0	0	12	2270	0	2	0	0	6	0	0	0	2	10	0	2	0	2	8	2	0	2	0	0	0	0	0	0	0	2	
116096	sub-C005_preop3T_AAL_6221	3138	0	154	4	18	0	804	0	16	0	462	0	144	0	108	0	258	0	122	0	14	2	4	2	0	0	6	4	662	0	0	0	0	0	2	0	106	4	12	4	30	4	2	2	6	2	4	0	46	2	9460	0	152	0	178	2	3212	0	4010	2	15482	0	3012	0	0	0	10	2	0	0	10	8	1158	4	438	8	130	2	8	0	590	0	164	0	11962	0	90	0	1706	2	4	0	2	0	0	0	0	0	36	0	6	0	6	8	0	0	4	2	0	0	0	26	2	2	0	0	
128904	sub-C005_preop3T_AAL_6222	430	4878	54	154	4	10	0	2592	0	10	0	96	0	366	2	10	0	54	16	104	4	16	0	16	0	0	2	20	0	58	2	0	0	4	2	4	2	28	4	24	8	38	6	8	0	6	6	8	0	1602	0	7800	0	0	2	98	14	4614	2	7418	0	12672	0	6830	0	0	4	12	148	0	12	54	16	220	14	14	24	52	0	528	0	3428	2	124	4	7220	2	12	4	2382	8	2	8	0	2	0	2	0	6	0	6	4	2	6	4	8	0	4	8	2	0	0	0	2	0	4	
614248	sub-C005_preop3T_AAL_6301	60	56	1232	1744	564	344	470	182	228	564	2	8	268	146	522	380	50	2	1016	1596	1004	690	2040	1156	1548	962	1262	518	138	30	5220	2386	20574	7400	27626	15020	8794	6896	6500	2462	712	1402	10622	6292	17468	7300	7258	1736	15280	4564	2508	38	10	4	2266	996	1724	4388	25422	9248	1018	0	10	6	10	4	0	29254	5384	1578	1018	1468	1384	2110	698	1024	5072	3296	510	90	1096	186	340	94	1288	176	1630	392	490	208	266	158	172	168	1058	174	1022	222	358	218	252	222	310	376	236	56	152	72	142	102	264	80	86	40	32	154	
563780	sub-C005_preop3T_AAL_6302	28	20	254	3684	316	504	170	282	172	610	0	12	60	172	150	466	0	12	918	1648	690	1254	904	2446	222	1898	266	286	14	74	1196	5288	4244	14332	16442	26422	6544	13238	666	7702	454	2394	7156	16526	8520	20822	1780	7254	8338	9586	2104	1426	12	20	230	2454	988	1298	9180	14236	314	0	0	14	2	12	29254	0	1222	2076	892	2202	1402	1824	274	1048	2568	3400	12	76	10	210	68	182	276	838	158	488	244	764	114	222	60	212	128	200	288	308	176	264	84	236	78	386	46	38	74	68	74	56	324	60	66	24	18	72	
213956	sub-C005_preop3T_AAL_6401	13754	8614	836	2460	26	14	72	1450	12	12	12	52	48	66	14	16	4	4	5922	11434	10	34	14	76	4	0	12	24	6	20	32	32	4966	8432	40	84	284	44	24	52	8	36	38	62	12	12	4	54	16	10	4	24	0	0	22	38	7792	3794	176	710	10	26	0	8	0	148	5384	1222	0	7944	322	376	124	132	142	64	8850	1914	0	0	0	68	4	14	2	178	6	20	4	56	442	142	298	124	1558	194	534	322	492	188	322	318	428	524	734	254	130	144	154	64	340	106	104	34	38	148	
101972	sub-C005_preop3T_AAL_6402	398	5544	16	142	8	12	10	8	4	8	0	0	8	0	10	4	0	0	244	6242	38	20	14	30	2	12	26	20	2	0	94	46	2810	5918	168	14	80	84	84	12	42	8	20	10	18	4	44	6	10	4	4	0	0	0	26	12	1604	4676	710	224	26	0	0	0	0	0	1578	2076	7944	0	82	672	36	24	32	92	318	3478	0	0	0	0	8	2	12	0	16	4	14	2	48	168	82	358	110	384	94	106	50	262	96	164	112	454	52	1008	18	138	518	122	80	26	88	32	44	402	
405672	sub-C005_preop3T_AAL_7001	494	120	1094	2336	9434	4342	3488	806	4050	288	4	16	1272	80	4462	780	0	4	364	36	12638	9782	384	738	3438	2930	12674	8204	190	78	4116	2558	1284	1124	974	232	9476	2534	6384	2602	4024	2436	2070	762	542	518	2526	314	760	180	614	28	154	70	3846	796	208	224	698	328	34	4	0	8	10	12	1018	892	322	82	0	9062	16070	2400	4732	1260	12420	1228	4	4	12	72	1886	888	2816	132	2740	1074	3864	284	162	14	72	8	470	42	120	80	442	40	56	22	96	64	222	84	24	28	142	36	66	58	24	26	50	150	
620008	sub-C005_preop3T_AAL_7002	364	1288	1690	13606	1508	5764	1708	4752	622	9218	4	72	686	2048	1104	4616	0	18	1106	1082	4208	11470	642	7966	544	3326	3248	6496	58	368	1322	3406	630	1954	982	824	4238	15988	2112	11496	2924	15536	2212	2162	914	1080	2544	2510	696	890	366	156	96	564	1244	6488	370	1168	760	1082	130	12	0	42	8	54	1468	2202	376	672	9062	0	6054	22624	4328	9316	4402	29948	2	24	8	448	448	4126	2550	614	716	4662	2502	2134	226	68	98	344	976	970	314	266	722	242	106	152	262	578	1410	3910	58	426	5254	1992	254	94	162	356	876	4660	
784312	sub-C005_preop3T_AAL_7011	6626	286	13620	1924	12654	1136	11570	734	10006	998	380	66	11744	452	17084	870	1142	0	8168	250	4688	2342	2986	892	1968	622	3138	2226	12886	72	860	678	310	266	2688	798	12774	4994	6266	2010	8808	4034	9856	1566	1394	840	14464	580	7142	338	9438	70	2684	220	4654	1674	7676	226	4846	500	1854	6	70	14	1158	16	1384	1402	124	36	16070	6054	0	5000	27164	5312	20254	1990	892	14	1628	150	9266	768	15400	170	9216	1892	10520	626	1108	180	338	122	418	180	804	394	2222	330	378	148	290	330	236	174	160	184	232	120	402	272	120	68	78	234	
747984	sub-C005_preop3T_AAL_7012	220	4528	1052	15664	1328	6940	628	6480	750	17218	2	2828	220	6410	824	19388	0	2458	682	2644	824	4766	596	5182	290	92	444	5850	128	17054	168	410	166	104	3380	1086	4408	17736	1066	11396	1786	21502	5688	13622	1298	4628	3108	13518	1074	6184	342	376	48	690	624	10722	46	5252	676	4066	32	66	0	954	4	220	2110	1824	132	24	2400	22624	5000	0	2748	14970	3210	6032	2	608	18	4902	220	14938	1768	6256	300	8282	1390	4856	132	72	58	66	514	146	210	244	374	806	72	40	132	206	830	426	36	174	978	218	128	58	66	194	154	1108	
338648	sub-C005_preop3T_AAL_7021	6672	420	3006	674	1566	790	2004	260	1548	566	24	32	1630	56	1726	164	26	0	1504	130	636	534	736	248	222	90	612	674	282	72	76	142	28	52	338	214	9426	3284	3170	2170	6432	4872	1846	568	544	384	3556	242	1592	272	912	66	148	244	2592	1780	5688	166	3156	136	1150	4	0	16	438	14	698	274	142	32	4732	4328	27164	2748	0	6728	12242	1382	34	8	36	164	1046	752	5364	158	2102	2482	6260	626	618	146	360	96	376	92	470	212	1418	264	418	112	394	344	276	160	240	194	118	76	212	196	112	90	62	144	
320428	sub-C005_preop3T_AAL_7022	170	3078	282	2864	654	1754	206	876	378	2768	0	58	86	536	566	1616	0	20	198	306	670	874	146	836	126	190	464	836	96	184	76	210	74	126	1154	818	3710	8540	1622	6766	4684	11946	1776	4232	500	2556	1998	1510	728	2844	292	128	72	326	1184	4066	82	2238	614	2300	30	16	0	36	8	14	1024	1048	64	92	1260	9316	5312	14970	6728	0	2368	4822	4	14	16	300	574	1620	2944	388	1148	5338	3422	1428	304	70	84	82	438	186	466	204	788	170	88	66	192	258	830	398	58	194	952	168	202	108	72	234	162	1126	
645708	sub-C005_preop3T_AAL_7101	12792	822	6392	1798	2514	594	5706	716	3596	770	18	90	3458	304	4072	524	10	0	7088	298	1902	1364	724	884	358	254	1336	918	196	54	438	488	286	248	2184	1518	26498	5728	12254	2410	7084	2584	4476	2026	2614	1354	5174	668	5758	334	1964	42	90	50	7684	1026	11070	618	14350	1238	1936	2	0	4	130	24	5072	2568	8850	318	12420	4402	20254	3210	12242	2368	0	7534	38	2	62	56	2518	340	3014	144	4826	830	7014	376	2694	472	1528	364	10038	434	3822	1196	3288	816	1474	716	2024	1548	2442	434	766	642	798	522	1406	636	656	522	588	666	
590360	sub-C005_preop3T_AAL_7102	1506	9784	2832	20028	356	820	954	3034	198	1938	12	162	106	1266	340	1444	0	14	3700	11658	762	1112	582	5660	62	178	426	732	30	166	238	568	312	522	1308	1638	4202	19894	1266	11622	994	10972	2348	1448	1242	1072	1724	1584	1072	832	346	76	26	150	716	4818	618	8012	2028	7632	206	30	0	28	2	52	3296	3400	1914	3478	1228	29948	1990	6032	1382	4822	7534	0	4	10	16	214	242	996	542	568	400	3566	614	2082	960	996	692	2098	1558	4772	2076	1972	1160	1810	814	1240	974	3466	1742	9686	378	1372	8662	3038	1852	496	770	598	1258	7002	
36388	sub-C005_preop3T_AAL_8101	494	0	300	0	12	0	130	0	6	0	294	0	70	0	50	0	2188	0	156	0	10	0	82	0	0	0	4	2	1388	0	0	0	0	0	0	2	20	2	8	0	26	2	2	2	16	2	6	2	680	0	364	0	0	0	32	4	1122	0	1928	4	168	0	402	0	8	0	510	12	0	0	4	2	892	2	34	4	38	4	0	0	4786	0	386	0	1288	0	92	2	76	0	6	0	2	0	2	0	4	0	28	2	2	0	0	0	0	0	0	0	2	0	0	20	0	2	2	2	
69016	sub-C005_preop3T_AAL_8102	2	24	2	30	2	2	0	32	2	4	0	178	0	16	0	24	0	4220	0	2	0	6	0	16	0	0	0	4	0	2282	0	0	0	0	34	58	0	38	2	16	8	36	6	24	8	52	6	16	14	46	2	242	0	2	2	492	0	1046	8	5730	0	18	0	1190	0	528	90	76	0	0	4	24	14	608	8	14	2	10	0	0	0	12228	0	2314	8	1896	0	72	6	626	0	4	0	0	2	0	2	2	2	4	2	0	4	4	0	0	2	4	0	0	2	0	0	2	0	0	
