data	data	343548	329976	1.096e+06	1.03813e+06	592520	445276	895796	510712	282804	131360	132008	146560	296772	283720	315484	244104	99672	125388	363872	350224	214944	190632	476968	597896	172396	260964	174464	317324	347040	184484	322616	447820	193836	238952	353752	380080	687888	864516	367288	527404	230232	638968	609844	527652	321048	298712	565516	425316	371672	339608	379636	242132	150048	101960	520844	496236	236568	348380	262908	231980	234052	120452	90584	146136	166336	175464	631060	655800	194812	197896	300492	588148	856088	797872	296000	337616	918396	952044	70712	56636	232472	221396	247464	276644	358812	210140	150916	281284	363436	196600	690588	609308	352120	707260	241196	203612	458436	253080	699268	539508	344184	289208	439420	677544	246392	387964	186680	318888	375940	146440	292704	378000	738596	334088	342100	327436	
data	data	sub-C006_preop3T_AAL_2001	sub-C006_preop3T_AAL_2002	sub-C006_preop3T_AAL_2101	sub-C006_preop3T_AAL_2102	sub-C006_preop3T_AAL_2111	sub-C006_preop3T_AAL_2112	sub-C006_preop3T_AAL_2201	sub-C006_preop3T_AAL_2202	sub-C006_preop3T_AAL_2211	sub-C006_preop3T_AAL_2212	sub-C006_preop3T_AAL_2301	sub-C006_preop3T_AAL_2302	sub-C006_preop3T_AAL_2311	sub-C006_preop3T_AAL_2312	sub-C006_preop3T_AAL_2321	sub-C006_preop3T_AAL_2322	sub-C006_preop3T_AAL_2331	sub-C006_preop3T_AAL_2332	sub-C006_preop3T_AAL_2401	sub-C006_preop3T_AAL_2402	sub-C006_preop3T_AAL_2501	sub-C006_preop3T_AAL_2502	sub-C006_preop3T_AAL_2601	sub-C006_preop3T_AAL_2602	sub-C006_preop3T_AAL_2611	sub-C006_preop3T_AAL_2612	sub-C006_preop3T_AAL_2701	sub-C006_preop3T_AAL_2702	sub-C006_preop3T_AAL_3001	sub-C006_preop3T_AAL_3002	sub-C006_preop3T_AAL_4001	sub-C006_preop3T_AAL_4002	sub-C006_preop3T_AAL_4011	sub-C006_preop3T_AAL_4012	sub-C006_preop3T_AAL_4021	sub-C006_preop3T_AAL_4022	sub-C006_preop3T_AAL_4101	sub-C006_preop3T_AAL_4102	sub-C006_preop3T_AAL_4111	sub-C006_preop3T_AAL_4112	sub-C006_preop3T_AAL_4201	sub-C006_preop3T_AAL_4202	sub-C006_preop3T_AAL_5001	sub-C006_preop3T_AAL_5002	sub-C006_preop3T_AAL_5011	sub-C006_preop3T_AAL_5012	sub-C006_preop3T_AAL_5021	sub-C006_preop3T_AAL_5022	sub-C006_preop3T_AAL_5101	sub-C006_preop3T_AAL_5102	sub-C006_preop3T_AAL_5201	sub-C006_preop3T_AAL_5202	sub-C006_preop3T_AAL_5301	sub-C006_preop3T_AAL_5302	sub-C006_preop3T_AAL_5401	sub-C006_preop3T_AAL_5402	sub-C006_preop3T_AAL_6001	sub-C006_preop3T_AAL_6002	sub-C006_preop3T_AAL_6101	sub-C006_preop3T_AAL_6102	sub-C006_preop3T_AAL_6201	sub-C006_preop3T_AAL_6202	sub-C006_preop3T_AAL_6211	sub-C006_preop3T_AAL_6212	sub-C006_preop3T_AAL_6221	sub-C006_preop3T_AAL_6222	sub-C006_preop3T_AAL_6301	sub-C006_preop3T_AAL_6302	sub-C006_preop3T_AAL_6401	sub-C006_preop3T_AAL_6402	sub-C006_preop3T_AAL_7001	sub-C006_preop3T_AAL_7002	sub-C006_preop3T_AAL_7011	sub-C006_preop3T_AAL_7012	sub-C006_preop3T_AAL_7021	sub-C006_preop3T_AAL_7022	sub-C006_preop3T_AAL_7101	sub-C006_preop3T_AAL_7102	sub-C006_preop3T_AAL_8101	sub-C006_preop3T_AAL_8102	sub-C006_preop3T_AAL_8111	sub-C006_preop3T_AAL_8112	sub-C006_preop3T_AAL_8121	sub-C006_preop3T_AAL_8122	sub-C006_preop3T_AAL_8201	sub-C006_preop3T_AAL_8202	sub-C006_preop3T_AAL_8211	sub-C006_preop3T_AAL_8212	sub-C006_preop3T_AAL_8301	sub-C006_preop3T_AAL_8302	sub-C006_preop3T_AAL_9001	sub-C006_preop3T_AAL_9002	sub-C006_preop3T_AAL_9011	sub-C006_preop3T_AAL_9012	sub-C006_preop3T_AAL_9021	sub-C006_preop3T_AAL_9022	sub-C006_preop3T_AAL_9031	sub-C006_preop3T_AAL_9032	sub-C006_preop3T_AAL_9041	sub-C006_preop3T_AAL_9042	sub-C006_preop3T_AAL_9051	sub-C006_preop3T_AAL_9052	sub-C006_preop3T_AAL_9061	sub-C006_preop3T_AAL_9062	sub-C006_preop3T_AAL_9071	sub-C006_preop3T_AAL_9072	sub-C006_preop3T_AAL_9081	sub-C006_preop3T_AAL_9082	sub-C006_preop3T_AAL_9100	sub-C006_preop3T_AAL_9110	sub-C006_preop3T_AAL_9120	sub-C006_preop3T_AAL_9130	sub-C006_preop3T_AAL_9140	sub-C006_preop3T_AAL_9150	sub-C006_preop3T_AAL_9160	sub-C006_preop3T_AAL_9170	
343548	sub-C006_preop3T_AAL_2001	0	976	8374	2098	218	96	15466	68	112	14	9652	0	3962	6	326	0	5156	0	1618	2368	222	92	78	174	18	12	38	94	2200	0	0	8	12	216	22	32	5540	202	452	156	232	146	100	36	60	42	250	58	72	58	2396	10	1296	14	802	92	16996	40	1404	18	5358	0	1242	0	6386	4	100	76	9520	336	2424	576	4190	86	3532	196	18722	1218	78	0	818	0	434	50	3970	4	110	78	3082	8	2392	490	1550	802	2948	246	1052	276	1328	344	1062	366	2206	980	2346	644	356	432	1226	304	536	290	970	690	622	518	
329976	sub-C006_preop3T_AAL_2002	976	0	194	12920	52	76	106	19892	32	10	0	5560	14	2086	52	38	0	1544	204	2886	10	62	52	590	16	20	2	90	20	286	22	36	664	120	244	40	252	300	134	156	108	130	92	40	40	48	140	48	12	408	16	5954	4	22	108	234	30	27870	114	3374	2	3934	0	2680	2	6464	1784	278	2660	14160	296	1174	136	3166	108	1076	554	16706	0	718	0	1788	64	110	4	2234	28	328	52	1364	372	1778	110	1454	146	1398	282	270	390	942	114	438	184	1302	86	1580	70	510	322	242	432	254	1060	360	234	238	
1.096e+06	sub-C006_preop3T_AAL_2101	8374	194	0	27432	13952	5088	101386	3456	3652	48	3954	176	14856	1258	1626	18	648	38	43082	8206	814	570	46868	17562	2552	5084	282	462	13318	18	14674	20732	10106	4046	4644	564	3924	854	2250	302	1396	544	4790	142	2438	204	6266	214	2336	196	3030	88	930	12	1662	146	706	122	574	176	130	6	24	24	58	56	8254	1106	2102	206	3462	1368	33918	910	7766	748	30708	5610	1330	10	1594	80	1744	142	1948	68	792	188	1446	20	2470	880	1910	1152	2832	624	622	142	1208	344	788	378	2368	1282	2968	1744	418	346	1926	460	288	100	1172	634	1006	1076	
1.03813e+06	sub-C006_preop3T_AAL_2102	2098	12920	27432	0	3106	8752	21570	50864	664	1142	4	8288	1826	14772	1094	1556	12	2384	12720	45576	496	268	23022	74100	1140	3576	388	558	686	462	7416	21358	2674	8212	954	2278	1282	3288	640	2222	534	2540	614	1776	392	1742	618	1410	280	2286	284	1690	110	258	252	1580	104	2192	210	2070	18	150	2	458	16	472	2942	4456	1934	1012	1730	12758	2092	17490	880	7128	2746	35176	56	206	98	1030	350	482	170	1224	186	562	230	442	1234	2744	514	2730	374	1536	728	182	864	836	366	694	542	2938	358	4190	136	570	2016	412	326	146	2194	514	1074	1610	
592520	sub-C006_preop3T_AAL_2111	218	52	13952	3106	0	9730	4898	300	24926	138	0	0	96	14	14960	114	0	0	134	58	10958	6244	11586	3032	13996	14226	14766	8014	2252	38	15752	15402	2848	938	1730	392	5272	1210	3974	294	2102	844	3906	142	1868	94	5362	136	2102	66	1226	24	584	18	3064	132	328	54	514	42	98	0	0	0	76	0	2296	560	244	70	8454	1750	22048	320	7630	286	6994	1120	680	0	118	2	2644	102	2018	4	2514	164	2236	16	430	194	146	236	370	224	266	32	446	70	66	74	264	262	196	234	22	60	452	354	126	16	222	208	296	322	
445276	sub-C006_preop3T_AAL_2112	96	76	5088	8752	9730	0	638	2658	708	6562	0	10	34	214	472	5444	0	8	96	64	3416	9372	4824	3106	3368	11872	2652	16798	118	1208	4078	7666	138	228	294	436	832	9312	298	6328	222	12200	552	1352	156	472	374	1672	152	708	92	588	28	1426	144	4418	30	126	108	134	8	2	0	0	4	10	354	766	134	114	2498	16680	552	16840	192	4586	1392	5616	4	4	6	88	108	3644	36	208	78	2694	102	1494	584	400	420	884	276	282	302	72	264	232	182	170	436	964	204	752	62	178	1348	500	114	70	848	710	1046	1176	
895796	sub-C006_preop3T_AAL_2201	15466	106	101386	21570	4898	638	0	3140	4934	38	9774	76	36668	778	4980	14	876	10	16946	2346	380	130	15912	16912	258	410	110	202	16694	6	4072	11798	2878	1616	1822	350	4356	772	2236	206	1452	474	5196	114	1430	112	6808	176	2438	126	4958	64	2208	10	2602	88	1862	86	910	108	852	4	30	12	1832	30	2870	464	282	118	4040	1066	37450	546	8236	464	20758	2894	1424	2	1946	28	2236	102	3710	24	938	140	3802	20	1516	380	850	512	1522	330	438	64	858	176	386	146	1020	576	1150	862	214	148	892	336	156	42	548	344	550	576	
510712	sub-C006_preop3T_AAL_2202	68	19892	3456	50864	300	2658	3140	0	138	5250	0	10382	160	31780	158	4428	0	960	158	5390	46	112	2146	17512	40	50	20	210	142	1704	326	598	128	46	164	212	520	4298	184	3142	106	4200	462	1544	134	1066	292	1558	152	1838	132	5084	26	374	72	2626	18	8120	58	2544	4	1184	0	1540	4	3132	238	642	108	838	294	8390	548	14330	194	3990	688	4964	18	782	36	2418	56	626	20	2846	42	740	68	1076	164	266	98	316	118	230	112	32	80	120	56	102	154	344	116	448	42	104	358	142	52	14	266	134	220	264	
282804	sub-C006_preop3T_AAL_2211	112	32	3652	664	24926	708	4934	138	0	74	0	0	896	8	14254	10	4	0	70	12	1276	936	424	460	194	652	1410	828	930	4	98	890	20	6	188	190	3682	802	3494	170	914	554	5058	100	1420	42	7088	104	2196	34	1134	8	510	6	3128	86	216	40	482	22	82	0	0	0	48	0	456	222	142	44	3592	666	21862	192	6830	186	6152	690	718	0	172	0	1150	64	980	2	972	106	1382	4	464	98	120	140	284	122	216	28	640	40	54	48	214	152	134	108	20	34	326	318	108	12	126	160	212	220	
131360	sub-C006_preop3T_AAL_2212	14	10	48	1142	138	6562	38	5250	74	0	0	0	6	748	74	4926	0	8	20	10	88	366	6	608	44	58	90	964	16	564	8	8	2	4	62	98	338	5188	96	2928	52	5566	328	768	66	288	144	1496	66	394	34	346	2	1074	44	3060	16	26	20	70	0	6	0	2	4	20	98	270	22	14	64	4416	184	7720	62	1956	324	1564	2	2	4	36	12	676	4	104	22	576	28	504	118	104	70	158	70	86	66	12	54	190	34	40	78	188	48	166	16	36	236	80	32	14	146	90	178	210	
132008	sub-C006_preop3T_AAL_2301	9652	0	3954	4	0	0	9774	0	0	0	0	0	15604	0	94	0	5510	0	1266	0	0	0	16	0	0	0	0	0	3638	0	0	0	0	0	0	0	4	2	2	2	0	2	38	0	88	0	32	0	166	0	344	0	358	0	114	2	960	0	20	0	238	0	216	0	216	0	0	0	0	0	0	0	1126	2	62	2	70	6	166	0	1740	2	1298	2	6052	0	22	0	3028	0	34	2	4	6	14	2	0	2	2	2	2	4	4	6	4	6	2	2	2	0	2	0	4	0	2	2	
146560	sub-C006_preop3T_AAL_2302	0	5560	176	8288	0	10	76	10382	0	0	0	0	0	16644	0	388	0	4448	136	6262	0	0	78	1058	0	0	0	8	0	3682	28	46	8	8	4	2	4	18	4	16	4	8	0	32	0	198	4	0	0	322	0	3010	0	12	0	48	0	418	0	296	0	414	0	212	0	3012	6	54	0	46	2	14	0	2884	0	166	2	380	0	68	0	726	0	524	0	2100	0	18	0	750	4	24	0	32	0	8	0	0	2	4	0	6	0	36	2	44	0	2	8	0	0	0	24	6	6	8	
296772	sub-C006_preop3T_AAL_2311	3962	14	14856	1826	96	34	36668	160	896	6	15604	0	0	60	10672	8	928	2	2026	6	54	28	806	1734	8	8	12	34	12706	2	24	406	8	20	16	10	876	58	440	30	332	44	1896	12	254	6	2560	14	772	8	1576	6	1090	0	1282	12	374	4	68	6	252	0	204	0	230	2	50	14	60	6	1134	140	10278	58	742	48	1612	204	404	2	2316	4	2518	14	6712	0	620	16	3852	0	406	42	52	56	110	34	30	6	172	12	26	4	50	58	46	56	10	6	72	42	10	2	54	22	44	52	
283720	sub-C006_preop3T_AAL_2312	6	2086	1258	14772	14	214	778	31780	8	748	0	16644	60	0	30	8340	0	1000	184	4542	14	36	980	7420	0	4	0	62	46	6322	74	182	112	20	74	66	70	1508	36	1198	26	1524	128	1108	34	792	36	990	64	1430	70	3548	8	316	10	1512	4	680	10	466	0	662	0	1138	0	3576	74	206	16	172	56	1586	180	10674	66	1236	150	1042	12	292	20	1716	24	674	8	2744	10	270	16	1058	22	68	12	58	22	50	4	10	10	62	12	16	20	66	22	100	8	16	40	16	2	0	44	8	20	30	
315484	sub-C006_preop3T_AAL_2321	326	52	1626	1094	14960	472	4980	158	14254	74	94	0	10672	30	0	74	62	0	142	26	2310	612	372	912	238	262	2052	760	12462	16	132	428	20	16	132	134	4060	582	5044	256	2594	440	3938	152	654	110	5878	122	1224	122	1598	32	1116	4	2908	66	306	38	212	30	54	0	2	0	36	2	278	178	120	52	3002	646	17314	288	4554	508	4654	752	452	0	910	2	7796	80	3104	2	2348	112	1580	12	1098	98	526	152	420	88	200	24	686	56	308	40	668	154	1290	164	158	22	276	168	82	12	168	136	208	262	
244104	sub-C006_preop3T_AAL_2322	0	38	18	1556	114	5444	14	4428	10	4926	0	388	8	8340	74	0	0	438	8	14	220	2610	8	748	120	100	282	2270	12	11306	28	10	0	4	86	100	76	6512	24	3752	16	8412	438	2686	36	924	28	3656	66	2306	56	2414	4	1694	8	5326	2	192	12	112	0	30	0	130	2	68	42	156	4	40	44	3418	30	17258	14	1216	82	770	0	204	2	3370	20	7840	8	892	10	1178	8	1492	38	84	24	54	16	54	6	20	12	320	16	16	36	64	30	58	10	18	100	38	10	4	48	22	58	94	
99672	sub-C006_preop3T_AAL_2331	5156	0	648	12	0	0	876	0	4	0	5510	0	928	0	62	0	0	0	46	0	0	0	34	8	0	0	0	0	7838	0	0	0	0	0	0	0	4	0	4	0	2	0	4	0	256	0	6	0	392	0	150	0	30	0	18	0	6192	0	16	0	366	0	2258	0	12	0	2	0	0	0	2	0	1396	0	12	0	20	0	3842	0	8124	0	1224	0	4064	0	10	0	278	0	2	0	0	2	2	2	0	2	0	0	0	2	2	2	0	2	0	2	2	2	2	0	2	0	2	0	
125388	sub-C006_preop3T_AAL_2332	0	1544	38	2384	0	8	10	960	0	8	0	4448	2	1000	0	438	0	0	12	1478	0	12	18	414	0	0	0	10	0	7232	0	4	0	0	0	0	4	18	4	18	2	24	2	4	0	296	2	2	0	342	0	380	0	10	0	32	0	7588	0	2294	0	2482	0	6374	0	1264	0	94	0	496	12	20	6	5608	4	110	18	186	0	5260	0	7072	2	1730	0	716	0	50	0	98	2	4	0	4	0	0	0	0	2	2	0	0	2	4	4	8	0	0	4	2	0	0	4	2	2	4	
363872	sub-C006_preop3T_AAL_2401	1618	204	43082	12720	134	96	16946	158	70	20	1266	136	2026	184	142	8	46	12	0	16182	160	60	5090	2950	26	30	32	64	636	4	2914	4958	3632	6170	270	544	772	320	446	204	434	212	258	96	194	70	390	210	228	92	226	24	62	10	188	64	96	70	152	52	42	2	2	2	10	12	1210	1396	4966	258	1394	828	4836	204	1262	234	14486	4580	56	0	116	14	306	66	234	30	208	100	224	14	1064	646	1236	754	1394	494	188	42	372	194	420	206	1550	862	1948	1336	220	176	1466	202	92	38	738	340	648	758	
350224	sub-C006_preop3T_AAL_2402	2368	2886	8206	45576	58	64	2346	5390	12	10	0	6262	6	4542	26	14	0	1478	16182	0	16	30	932	6194	30	16	14	42	24	102	1900	3468	1616	9964	532	528	238	214	132	152	106	104	142	74	68	120	184	180	26	146	12	104	4	4	34	44	40	596	38	192	4	42	0	120	4	212	1342	1792	4900	5638	374	1148	110	1616	72	718	946	14754	0	12	2	306	50	68	0	424	26	58	34	24	332	1594	282	1644	226	802	106	44	166	354	154	404	326	1852	228	2958	44	282	1336	142	94	46	1218	234	648	1012	
214944	sub-C006_preop3T_AAL_2501	222	10	814	496	10958	3416	380	46	1276	88	0	0	54	14	2310	220	0	0	160	16	0	5856	928	740	4512	6638	9282	7436	1294	58	5200	5926	28	56	54	40	2618	200	2588	130	3806	196	452	30	66	30	830	42	114	34	314	12	208	4	666	56	170	6	34	4	18	0	0	2	40	0	90	60	172	4	7004	484	3518	170	482	138	2106	284	34	0	42	2	3884	58	1422	4	2994	70	1062	20	198	50	94	48	278	38	78	6	118	32	74	12	190	58	162	54	20	10	164	102	26	8	68	86	94	102	
190632	sub-C006_preop3T_AAL_2502	92	62	570	268	6244	9372	130	112	936	366	0	0	28	36	612	2610	0	12	60	30	5856	0	508	246	1678	5446	3240	14544	152	1246	1430	5584	0	8	96	114	422	1662	202	2534	298	3634	106	188	42	54	92	130	54	110	50	100	26	60	60	578	12	50	38	44	2	0	0	4	2	4	68	138	122	90	3536	6078	314	3164	108	318	482	1448	2	8	2	22	220	2616	60	66	102	1066	78	248	140	106	102	196	76	60	64	4	48	28	60	44	94	210	84	218	22	44	264	78	24	6	166	146	190	240	
476968	sub-C006_preop3T_AAL_2601	78	52	46868	23022	11586	4824	15912	2146	424	6	16	78	806	980	372	8	34	18	5090	932	928	508	0	25208	5762	6842	584	776	350	12	15776	19482	9048	8202	3426	1322	666	116	508	66	258	70	646	118	1150	116	942	82	200	66	180	42	48	2	118	28	56	32	94	62	16	6	0	10	4	34	6490	3012	334	80	622	278	2302	502	904	350	1632	1316	72	6	86	60	118	40	124	46	92	26	130	6	208	130	104	154	262	102	70	18	80	36	70	32	130	158	112	270	24	28	144	70	28	8	130	66	102	106	
597896	sub-C006_preop3T_AAL_2602	174	590	17562	74100	3032	3106	16912	17512	460	608	0	1058	1734	7420	912	748	8	414	2950	6194	740	246	25208	0	2176	5568	796	1056	584	332	7366	19228	2148	8366	702	1912	428	1836	218	1304	198	1410	400	946	286	1030	384	886	188	1316	224	1044	80	128	118	992	28	1494	120	1318	8	100	0	382	6	300	1968	4060	184	770	884	7078	1336	10548	298	4214	840	8010	46	176	84	816	170	212	140	878	112	252	112	282	218	458	108	514	148	488	118	30	100	114	64	136	162	586	110	882	28	116	530	154	54	14	422	146	272	412	
172396	sub-C006_preop3T_AAL_2611	18	16	2552	1140	13996	3368	258	40	194	44	0	0	8	0	238	120	0	0	26	30	4512	1678	5762	2176	0	9516	7142	4724	62	30	12254	8394	1790	882	948	144	110	22	48	10	74	22	58	6	188	12	48	12	26	2	18	4	6	4	22	8	4	6	12	6	0	0	0	0	0	0	978	224	32	18	662	146	350	34	160	8	234	62	4	0	0	0	50	2	24	2	34	4	36	2	16	22	4	26	20	14	8	2	4	2	4	10	14	26	8	14	0	10	38	18	0	0	16	14	26	26	
260964	sub-C006_preop3T_AAL_2612	12	20	5084	3576	14226	11872	410	50	652	58	0	0	8	4	262	100	0	0	30	16	6638	5446	6842	5568	9516	0	6194	10188	48	20	12060	16266	314	896	138	322	264	834	114	446	154	814	106	146	58	36	94	114	44	64	26	52	12	32	46	162	8	18	22	14	6	0	0	0	6	0	252	320	20	24	1430	2420	152	996	66	374	352	1036	4	0	6	2	76	164	24	0	50	198	36	18	88	38	60	126	46	38	64	10	40	16	24	24	80	138	30	108	8	20	236	110	20	14	118	112	174	192	
174464	sub-C006_preop3T_AAL_2701	38	2	282	388	14766	2652	110	20	1410	90	0	0	12	0	2052	282	0	0	32	14	9282	3240	584	796	7142	6194	0	9194	616	82	5920	5236	448	292	246	48	788	102	590	36	876	94	244	12	58	8	472	18	46	8	204	6	126	12	412	12	48	2	4	8	8	0	0	0	22	0	238	82	42	4	3112	156	2408	100	600	10	536	52	22	0	26	0	1028	20	904	6	1098	20	574	16	54	10	18	2	48	8	28	4	72	14	2	2	34	8	28	8	0	0	44	26	12	4	10	16	20	20	
317324	sub-C006_preop3T_AAL_2702	94	90	462	558	8014	16798	202	210	828	964	0	8	34	62	760	2270	0	10	64	42	7436	14544	776	1056	4724	10188	9194	0	200	648	5538	7202	42	48	198	240	724	5664	292	3824	372	8418	326	554	112	122	212	494	124	294	104	322	40	750	108	2282	18	106	70	76	4	2	0	2	4	6	198	394	118	120	2728	10796	462	7982	132	936	880	2640	4	6	4	66	242	3274	80	146	124	1886	114	1154	276	158	208	372	154	110	152	34	104	60	106	74	186	398	102	318	34	74	534	184	62	22	338	298	422	466	
347040	sub-C006_preop3T_AAL_3001	2200	20	13318	686	2252	118	16694	142	930	16	3638	0	12706	46	12462	12	7838	0	636	24	1294	152	350	584	62	48	616	200	0	6	38	94	22	4	90	76	1978	222	1498	68	1516	132	4002	22	860	12	5006	46	2266	14	3482	8	1628	0	1988	16	2686	18	216	18	60	0	534	0	42	8	188	56	32	30	1278	256	26204	112	1492	90	4136	378	3510	0	8064	0	8146	22	6714	0	2298	36	1776	0	636	90	98	92	274	80	104	10	358	42	72	12	152	92	116	86	26	18	124	76	44	4	100	72	98	106	
184484	sub-C006_preop3T_AAL_3002	0	286	18	462	38	1208	6	1704	4	564	0	3682	2	6322	16	11306	0	7232	4	102	58	1246	12	332	30	20	82	648	6	0	14	2	0	0	4	4	0	1622	2	800	0	2122	80	822	4	766	2	344	4	1914	0	1898	2	294	0	984	0	1836	0	952	0	286	0	1662	0	456	4	66	0	288	8	180	8	19376	0	72	8	120	0	3812	2	7000	2	6522	4	888	0	642	4	856	2	12	2	8	0	6	0	0	0	6	2	6	2	10	4	10	0	4	8	8	2	0	2	4	4	12	
322616	sub-C006_preop3T_AAL_4001	0	22	14674	7416	15752	4078	4072	326	98	8	0	28	24	74	132	28	0	0	2914	1900	5200	1430	15776	7366	12254	12060	5920	5538	38	14	0	22216	7092	4222	3938	396	68	20	44	12	74	16	48	22	828	48	44	18	18	4	10	2	6	2	6	4	2	14	10	4	0	0	0	0	2	0	3550	746	18	40	252	20	24	16	6	12	46	52	2	0	4	4	54	10	18	4	32	6	12	0	0	10	0	4	2	8	4	0	0	0	0	2	0	4	2	8	0	2	0	0	0	0	2	0	0	0	
447820	sub-C006_preop3T_AAL_4002	8	36	20732	21358	15402	7666	11798	598	890	8	0	46	406	182	428	10	0	4	4958	3468	5926	5584	19482	19228	8394	16266	5236	7202	94	2	22216	0	2654	10538	780	2124	140	108	92	74	154	64	76	132	196	16	82	60	26	8	26	6	18	4	30	18	8	18	60	14	2	2	0	2	2	2	1924	3106	26	58	1912	276	164	58	30	36	126	348	6	2	6	12	122	18	36	12	66	24	34	2	16	28	6	22	18	30	6	0	8	8	4	8	6	26	16	50	4	8	20	6	0	0	18	6	12	16	
193836	sub-C006_preop3T_AAL_4011	12	664	10106	2674	2848	138	2878	128	20	2	0	8	8	112	20	0	0	0	3632	1616	28	0	9048	2148	1790	314	448	42	22	0	7092	2654	0	9056	8470	632	612	34	748	26	180	16	906	70	2414	98	1136	56	90	6	4	2	0	0	84	12	64	136	226	8	24	0	0	0	0	2	16038	3824	1632	452	76	28	94	20	34	24	228	238	2	0	2	10	48	14	10	4	86	8	28	2	14	26	8	30	18	26	50	8	16	8	12	4	12	38	14	50	4	10	8	8	24	10	32	8	6	8	
238952	sub-C006_preop3T_AAL_4012	216	120	4046	8212	938	228	1616	46	6	4	0	8	20	20	16	4	0	0	6170	9964	56	8	8202	8366	882	896	292	48	4	0	4222	10538	9056	0	1946	6864	112	506	54	738	44	82	124	428	330	40	114	1248	34	6	4	0	0	2	8	26	54	1078	1136	42	14	0	0	0	2	2	6672	15374	3126	3574	32	82	26	24	10	18	230	338	0	0	0	4	14	18	2	6	12	22	8	0	12	32	18	26	52	32	14	8	10	12	10	8	46	42	30	38	2	8	62	42	34	2	22	24	32	24	
353752	sub-C006_preop3T_AAL_4021	22	244	4644	954	1730	294	1822	164	188	62	0	4	16	74	132	86	0	0	270	532	54	96	3426	702	948	138	246	198	90	4	3938	780	8470	1946	0	21166	7390	5114	1864	432	648	784	13756	9220	8250	4668	3154	1486	9656	4606	2718	40	16	58	250	136	18	168	1336	150	12	0	0	2	2	2	21504	12722	84	434	210	652	540	502	234	444	2350	2022	46	0	10	16	186	94	30	0	270	148	120	12	250	450	86	426	488	284	372	40	184	242	80	164	84	258	226	96	18	130	160	174	124	24	168	80	122	140	
380080	sub-C006_preop3T_AAL_4022	32	40	564	2278	392	436	350	212	190	98	0	2	10	66	134	100	0	0	544	528	40	114	1322	1912	144	322	48	240	76	4	396	2124	632	6864	21166	0	9188	10098	418	2770	264	1468	15780	13264	8254	6092	2064	4406	10266	5608	2704	54	14	66	148	266	20	68	968	102	16	0	0	0	2	2	15230	23594	424	82	110	1016	496	720	228	684	2326	2986	46	0	10	24	72	186	22	2	80	290	116	18	308	476	100	456	510	304	430	66	214	244	96	186	110	304	240	118	28	158	184	184	180	24	186	98	148	176	
687888	sub-C006_preop3T_AAL_4101	5540	252	3924	1282	5272	832	4356	520	3682	338	4	4	876	70	4060	76	4	4	772	238	2618	422	666	428	110	264	788	724	1978	0	68	140	612	112	7390	9188	0	17024	19466	1464	15692	2632	18664	15332	5808	3894	15458	4334	5522	2746	2036	62	372	34	7772	704	3222	148	1038	80	250	2	0	6	232	12	13348	15498	1206	240	10626	2144	16036	1216	9040	746	29488	6970	98	0	122	12	7294	250	802	0	6168	442	6602	22	1336	326	460	376	1652	370	1616	206	1136	256	504	156	714	394	736	344	138	176	458	674	480	168	406	280	288	304	
864516	sub-C006_preop3T_AAL_4102	202	300	854	3288	1210	9312	772	4298	802	5188	2	18	58	1508	582	6512	0	18	320	214	200	1662	116	1836	22	834	102	5664	222	1622	20	108	34	506	5114	10098	17024	0	1602	35344	630	42222	15064	22154	4110	4156	6494	16268	4528	3874	1044	1970	18	4290	674	24248	88	336	278	204	38	4	0	6	4	36	8452	18282	296	286	688	21016	2208	24018	736	4574	5424	22226	14	12	8	242	266	6580	42	870	224	12796	484	4666	1688	884	1076	2102	608	774	692	212	670	938	486	310	726	2186	428	1792	166	310	2634	658	310	98	2006	1086	2262	2420	
367288	sub-C006_preop3T_AAL_4111	452	134	2250	640	3974	298	2236	184	3494	96	2	4	440	36	5044	24	4	4	446	132	2588	202	508	218	48	114	590	292	1498	2	44	92	748	54	1864	418	19466	1602	0	458	12520	542	6454	878	2472	254	17070	872	1248	156	926	14	644	10	13692	182	352	76	248	42	66	0	4	2	70	2	4986	1074	160	122	3696	704	8484	384	2782	340	8808	1810	112	2	198	6	9202	64	966	0	6142	94	6012	6	1430	336	470	384	1290	392	3456	758	2082	346	570	162	696	374	892	318	220	202	316	420	1254	334	534	288	236	234	
527404	sub-C006_preop3T_AAL_4112	156	156	302	2222	294	6328	206	3142	170	2928	2	16	30	1198	256	3752	0	18	204	152	130	2534	66	1304	10	446	36	3824	68	800	12	74	26	738	432	2770	1464	35344	458	0	260	31140	1174	6232	484	1766	684	11870	174	1524	80	2012	14	3804	218	26496	64	188	140	132	12	2	0	4	2	16	524	5798	242	172	376	13316	536	13912	226	2672	1490	9904	4	4	8	130	148	10326	14	1254	50	14706	112	5496	1172	716	816	1676	276	612	428	1014	510	650	344	276	492	1746	226	1428	136	254	2026	470	262	120	1554	860	1756	1902	
230232	sub-C006_preop3T_AAL_4201	232	108	1396	534	2102	222	1452	106	914	52	0	4	332	26	2594	16	2	2	434	106	3806	298	258	198	74	154	876	372	1516	0	74	154	180	44	648	264	15692	630	12520	260	0	342	1322	148	456	104	2814	132	558	74	648	2	382	8	2626	74	288	48	134	26	34	0	0	6	72	4	986	352	232	92	6268	472	6938	216	3140	200	9398	946	72	0	122	6	9950	46	1004	0	6810	70	3546	2	372	108	170	136	766	114	390	36	376	64	152	48	382	144	376	168	32	48	346	266	90	14	142	150	208	196	
638968	sub-C006_preop3T_AAL_4202	146	130	544	2540	844	12200	474	4200	554	5566	2	8	44	1524	440	8412	0	24	212	104	196	3634	70	1410	22	814	94	8418	132	2122	16	64	16	82	784	1468	2632	42222	542	31140	342	0	2490	7876	546	1074	1040	11082	418	1704	172	1442	12	3958	266	20288	76	200	178	152	28	2	0	8	2	30	658	2100	184	162	538	18384	1450	29326	486	4886	2452	10494	10	12	6	186	118	14310	26	592	112	15438	206	3228	1614	756	1132	2138	506	582	522	158	610	884	506	292	708	2248	390	1790	184	268	2730	472	244	88	2066	1130	2348	2522	
609844	sub-C006_preop3T_AAL_5001	100	92	4790	614	3906	552	5196	462	5058	328	38	0	1896	128	3938	438	4	2	258	142	452	106	646	400	58	106	244	326	4002	80	48	76	906	124	13756	15780	18664	15064	6454	1174	1322	2490	0	21554	17020	6298	31718	6340	13932	5212	6608	66	2130	70	3288	1018	128	92	184	30	28	0	0	2	20	2	19402	18116	118	168	1132	1506	13302	1536	1328	420	5292	4108	20	0	1168	6	982	184	1172	0	290	294	1352	12	1226	188	130	164	610	342	856	262	340	154	102	68	144	150	310	98	44	68	166	350	676	60	184	122	116	124	
527652	sub-C006_preop3T_AAL_5002	36	40	142	1776	142	1352	114	1544	100	768	0	32	12	1108	152	2686	0	4	96	74	30	188	118	946	6	146	12	554	22	822	22	132	70	428	9220	13264	15332	22154	878	6232	148	7876	21554	0	6974	16292	6320	21682	7156	14154	2158	3124	2	932	356	5872	24	46	70	40	10	0	0	2	2	8	11020	23698	78	50	126	3868	334	8856	180	3344	2152	5668	4	4	0	630	70	1504	14	116	82	1494	232	160	288	356	126	368	110	254	162	86	88	192	70	100	92	316	76	176	24	72	300	134	222	66	268	122	240	278	
321048	sub-C006_preop3T_AAL_5011	60	40	2438	392	1868	156	1430	134	1420	66	88	0	254	34	654	36	256	0	194	68	66	42	1150	286	188	58	58	112	860	4	828	196	2414	330	8250	8254	5808	4110	2472	484	456	546	17020	6974	0	5074	4342	1776	20332	2696	1796	16	18	16	448	200	36	60	1970	72	20	2	8	0	12	6	18640	7614	70	86	368	486	3668	340	942	252	3358	1954	1120	0	2900	10	812	86	2540	0	180	132	384	2	484	292	114	260	682	156	618	26	364	150	132	134	110	204	376	72	38	94	138	180	64	16	170	68	84	100	
298712	sub-C006_preop3T_AAL_5012	42	48	204	1742	94	472	112	1066	42	288	0	198	6	792	110	924	0	296	70	120	30	54	116	1030	12	36	8	122	12	766	48	16	98	40	4668	6092	3894	4156	254	1766	104	1074	6298	16292	5074	0	1234	3156	2150	24668	256	2814	8	62	104	528	16	72	98	2792	6	2	0	30	2	164	5186	18012	32	50	76	1350	140	4302	96	4026	904	2768	4	18	4	2942	42	2038	6	880	26	824	78	188	438	628	288	784	136	280	138	98	170	348	124	208	198	690	144	392	50	178	660	174	164	44	604	344	592	642	
565516	sub-C006_preop3T_AAL_5021	250	140	6266	618	5362	374	6808	292	7088	144	32	4	2560	36	5878	28	6	2	390	184	830	92	942	384	48	94	472	212	5006	2	44	82	1136	114	3154	2064	15458	6494	17070	684	2814	1040	31718	6320	4342	1234	0	3658	1228	460	4914	26	6354	14	20796	484	292	148	252	92	40	0	0	0	32	0	8306	6110	158	240	1644	904	17974	516	2000	258	7410	3878	24	0	1414	4	1366	84	2176	2	722	158	5074	8	3178	388	134	372	930	1488	10862	4550	6224	1654	418	222	304	500	298	186	296	534	274	1148	6628	2718	914	690	150	166	
425316	sub-C006_preop3T_AAL_5022	58	48	214	1410	136	1672	176	1558	104	1496	0	0	14	990	122	3656	0	2	210	180	42	130	82	886	12	114	18	494	46	344	18	60	56	1248	1486	4406	4334	16268	872	11870	132	11082	6340	21682	1776	3156	3658	0	1396	1148	714	566	50	3370	2796	16538	58	68	344	254	18	2	0	2	0	4	2294	11120	282	50	166	5168	356	9490	196	1364	2252	6502	8	2	6	50	68	596	12	22	80	1030	242	110	432	644	106	342	392	1654	4462	7350	3670	7014	194	122	314	388	148	280	616	740	374	1194	4244	5292	426	286	240	282	
371672	sub-C006_preop3T_AAL_5101	72	12	2336	280	2102	152	2438	152	2196	66	166	0	772	64	1224	66	392	0	228	26	114	54	200	188	26	44	46	124	2266	4	18	26	90	34	9656	10266	5522	4528	1248	174	558	418	13932	7156	20332	2150	1228	1396	0	2978	17988	34	448	42	372	86	62	24	7636	52	852	2	22	0	14	8	13136	6792	60	28	436	480	6876	334	1432	286	3732	1140	2508	0	7394	6	2254	64	6004	0	250	84	560	4	724	322	188	330	860	188	850	26	560	154	240	148	162	276	440	90	54	112	178	182	98	20	230	98	132	152	
339608	sub-C006_preop3T_AAL_5102	58	408	196	2286	66	708	126	1838	34	394	0	322	8	1430	122	2306	0	342	92	146	34	110	66	1316	2	64	8	294	14	1914	4	8	6	6	4606	5608	2746	3874	156	1524	74	1704	5212	14154	2696	24668	460	1148	2978	0	658	15992	6	724	70	1030	14	206	66	6254	8	16	0	42	2	2576	4264	13088	42	82	96	1772	148	7016	86	4854	504	2460	6	30	4	4218	36	3474	6	1512	16	1430	52	614	472	700	350	928	128	350	146	102	176	370	154	232	244	826	144	514	70	184	814	188	182	56	728	424	730	782	
379636	sub-C006_preop3T_AAL_5201	2396	16	3030	284	1226	92	4958	132	1134	34	344	0	1576	70	1598	56	150	0	226	12	314	50	180	224	18	26	204	104	3482	0	10	26	4	4	2718	2704	2036	1044	926	80	648	172	6608	2158	1796	256	4914	714	17988	658	0	20	12662	26	6688	72	4622	12	13296	16	11578	0	110	0	15566	2	3908	1370	146	16	428	228	7824	162	1246	130	2410	398	1934	0	7528	2	2234	14	14324	2	184	32	7810	6	820	102	144	136	494	122	648	166	570	130	152	60	170	140	260	68	46	60	128	122	218	230	146	88	92	100	
242132	sub-C006_preop3T_AAL_5202	10	5954	88	1690	24	588	64	5084	8	346	0	3010	6	3548	32	2414	0	380	24	104	12	100	42	1044	4	52	6	322	8	1898	2	6	2	0	40	54	62	1970	14	2012	2	1442	66	3124	16	2814	26	566	34	15992	20	0	0	3418	16	4100	2	2300	32	5164	4	186	0	236	0	11914	54	1838	8	240	32	802	50	6100	24	1568	114	592	2	74	0	4038	4	3198	2	9928	2	2044	4	4352	190	108	144	274	38	114	78	58	86	66	72	54	88	278	42	230	36	46	320	66	66	28	262	174	284	296	
150048	sub-C006_preop3T_AAL_5301	1296	4	930	110	584	28	2208	26	510	2	358	0	1090	8	1116	4	30	0	62	4	208	26	48	80	6	12	126	40	1628	2	6	18	0	0	16	14	372	18	644	14	382	12	2130	2	18	8	6354	50	448	6	12662	0	0	0	11792	28	644	6	38	2	112	0	30	0	1016	0	52	10	32	8	208	30	3056	8	240	8	472	70	250	0	1808	2	858	2	5912	0	66	2	10984	4	1780	16	18	30	30	18	270	146	426	94	24	6	30	34	26	22	8	20	26	18	166	214	48	40	22	22	
101960	sub-C006_preop3T_AAL_5302	14	22	12	258	18	1426	10	374	6	1074	0	12	0	316	4	1694	0	10	10	4	4	60	2	128	4	32	12	750	0	294	2	4	0	2	58	66	34	4290	10	3804	8	3958	70	932	16	62	14	3370	42	724	26	3418	0	0	16	9306	12	52	10	26	0	0	0	2	0	30	18	60	10	26	14	1090	18	4242	10	256	68	218	0	8	0	62	8	186	0	1004	4	492	2	4736	60	170	32	76	20	58	42	100	44	166	20	12	26	82	14	66	14	16	102	34	50	22	78	54	88	88	
520844	sub-C006_preop3T_AAL_5401	802	108	1662	252	3064	144	2602	72	3128	44	114	0	1282	10	2908	8	18	0	188	34	666	60	118	118	22	46	412	108	1988	0	6	30	84	8	250	148	7772	674	13692	218	2626	266	3288	356	448	104	20796	2796	372	70	6688	16	11792	16	0	1656	456	100	116	82	82	0	32	2	426	4	726	438	148	84	1980	300	8086	158	1336	116	4482	1090	330	0	1216	4	1740	44	3558	8	3260	66	24480	118	6508	2974	196	2204	488	1144	15358	7138	25236	9512	1170	408	1196	854	536	286	2952	2304	302	378	7544	15654	4390	2058	196	218	
496236	sub-C006_preop3T_AAL_5402	92	234	146	1580	132	4418	88	2626	86	3060	2	48	12	1512	66	5326	0	32	64	44	56	578	28	992	8	162	12	2282	16	984	4	18	12	26	136	266	704	24248	182	26496	74	20288	1018	5872	200	528	484	16538	86	1030	72	4100	28	9306	1656	0	56	396	46	234	16	10	0	16	2	50	148	674	76	196	132	7948	234	15592	88	1436	708	3470	2	16	4	472	42	3950	4	2334	32	11468	150	16462	890	1780	520	1246	154	322	2370	4894	3344	10692	326	236	502	1152	172	842	810	588	1196	186	1822	5050	1492	872	1028	1110	
236568	sub-C006_preop3T_AAL_6001	16996	30	706	104	328	30	1862	18	216	16	960	0	374	4	306	2	6192	0	96	40	170	12	56	28	4	8	48	18	2686	0	2	8	64	54	18	20	3222	88	352	64	288	76	128	24	36	16	292	58	62	14	4622	2	644	12	456	56	0	190	8026	76	15078	2	5312	0	5206	2	3164	346	6372	136	396	114	4060	36	3570	82	6614	322	1438	0	2496	0	230	26	2170	0	74	30	1854	4	724	166	404	218	974	110	808	152	604	196	422	90	622	238	566	152	116	106	394	258	306	184	318	312	202	228	
348380	sub-C006_preop3T_AAL_6002	40	27870	122	2192	54	126	86	8120	40	26	0	418	4	680	38	192	0	7588	70	596	6	50	32	1494	6	18	2	106	18	1836	14	18	136	1078	168	68	148	336	76	188	48	200	92	46	60	72	148	68	24	206	12	2300	6	52	100	396	190	0	988	13274	100	9530	0	15430	2	4370	2558	3494	772	20468	84	924	130	5662	82	1454	562	10578	0	2654	0	5222	26	352	2	2860	22	508	44	1596	280	1426	82	1016	92	2186	222	272	324	922	94	328	134	876	78	880	60	406	320	336	340	246	642	254	238	308	
262908	sub-C006_preop3T_AAL_6101	1404	114	574	210	514	108	910	58	482	20	20	0	68	10	212	12	16	0	152	38	34	38	94	120	12	22	4	70	216	0	10	60	226	1136	1336	968	1038	278	248	140	134	178	184	70	1970	98	252	344	7636	66	13296	32	38	10	116	46	8026	988	0	1280	21368	0	40	0	6786	2	23124	5042	1550	702	326	500	1310	162	622	240	8256	3244	522	0	230	2	64	64	196	2	40	94	154	4	656	304	360	356	2248	586	790	60	510	172	334	126	502	330	1194	208	74	98	338	636	182	70	282	204	220	232	
231980	sub-C006_preop3T_AAL_6102	18	3374	176	2070	42	134	108	2544	22	70	0	296	6	466	30	112	0	2294	52	192	4	44	62	1318	6	14	8	76	18	952	4	14	8	42	150	102	80	204	42	132	26	152	30	40	72	2792	92	254	52	6254	16	5164	2	26	82	234	76	13274	1280	0	158	10278	0	5216	0	9746	1226	15914	52	152	54	738	178	4102	82	2044	492	5234	2	1552	0	3842	20	416	0	2074	6	276	22	558	170	600	58	464	160	790	222	164	196	624	54	212	96	316	108	106	50	236	214	398	302	174	246	142	108	142	
234052	sub-C006_preop3T_AAL_6201	5358	2	130	18	98	8	852	4	82	0	238	0	252	0	54	0	366	0	42	4	18	2	16	8	0	6	8	4	60	0	0	2	24	14	12	16	250	38	66	12	34	28	28	10	20	6	40	18	852	8	11578	4	112	0	82	16	15078	100	21368	158	0	0	16592	0	22338	0	2198	358	730	44	88	38	372	10	254	26	1972	242	88	0	3628	0	18	8	6664	0	12	14	1076	0	158	30	142	56	684	38	116	10	110	42	134	14	226	64	224	38	18	20	88	112	36	34	60	76	64	58	
120452	sub-C006_preop3T_AAL_6202	0	3934	6	150	0	2	4	1184	0	6	0	414	0	662	0	30	0	2482	2	42	0	0	6	100	0	0	0	2	0	286	0	2	0	0	0	0	2	4	0	2	0	2	0	0	2	2	0	2	2	16	0	186	0	0	0	10	2	9530	0	10278	0	0	0	13206	0	14416	0	4	2	62	0	2	2	380	0	26	0	8	0	430	0	1032	0	68	0	1094	0	18	0	60	2	6	0	2	0	4	2	4	2	10	0	4	0	6	0	0	0	6	2	0	2	4	4	2	0	0	
90584	sub-C006_preop3T_AAL_6211	1242	0	24	2	0	0	30	0	0	0	216	0	204	0	2	0	2258	0	2	0	0	0	0	0	0	0	0	0	534	0	0	0	0	0	0	0	0	0	4	0	0	0	0	0	8	0	0	0	22	0	110	0	30	0	32	0	5312	0	40	0	16592	0	0	0	4220	0	0	0	0	0	0	0	162	0	0	0	0	0	910	0	9120	0	12	0	4106	0	0	0	96	0	2	0	0	0	0	0	0	0	0	0	0	0	0	0	0	0	0	0	0	0	0	0	0	0	0	0	
146136	sub-C006_preop3T_AAL_6212	0	2680	24	458	0	0	12	1540	0	2	0	212	0	1138	0	130	0	6374	2	120	2	4	10	382	0	0	0	2	0	1662	0	2	0	0	2	0	6	6	2	4	6	8	2	2	0	30	0	2	0	42	0	236	0	2	2	16	0	15430	0	5216	0	13206	0	0	0	9204	2	16	0	278	4	0	10	2226	2	54	14	14	0	1190	0	7636	0	116	0	3142	0	38	2	124	4	2	0	2	2	0	0	0	2	2	0	0	0	2	0	2	0	0	0	0	0	0	2	0	0	0	
166336	sub-C006_preop3T_AAL_6221	6386	2	58	16	76	4	1832	4	48	4	216	0	230	0	36	2	12	0	10	4	40	2	4	6	0	6	22	4	42	0	2	2	0	2	2	2	232	4	70	2	72	2	20	2	12	2	32	0	14	2	15566	0	1016	0	426	2	5206	2	6786	0	22338	0	4220	0	0	0	14	2	36	2	40	8	366	4	248	12	250	18	0	0	1830	0	12	0	11658	0	28	0	3234	0	62	6	2	8	28	2	36	8	28	4	12	4	14	8	8	4	4	8	8	14	10	2	12	4	2	4	
175464	sub-C006_preop3T_AAL_6222	4	6464	56	472	0	10	30	3132	0	20	0	3012	2	3576	2	68	0	1264	12	212	0	4	34	300	0	0	0	6	8	456	0	2	2	2	2	2	12	36	2	16	4	30	2	8	6	164	0	4	8	2576	2	11914	0	30	4	50	2	4370	2	9746	0	14416	0	9204	0	0	0	314	6	130	10	54	34	882	20	206	30	36	0	420	0	4648	4	158	0	8054	0	54	2	804	10	12	0	8	8	6	0	2	4	12	0	4	0	8	4	4	0	4	2	0	0	4	6	0	2	4	
631060	sub-C006_preop3T_AAL_6301	100	1784	8254	2942	2296	354	2870	238	456	98	0	6	50	74	278	42	2	0	1210	1342	90	68	6490	1968	978	252	238	198	188	4	3550	1924	16038	6672	21504	15230	13348	8452	4986	524	986	658	19402	11020	18640	5186	8306	2294	13136	4264	3908	54	52	18	726	148	3164	2558	23124	1226	2198	0	0	2	14	0	0	26080	5802	3048	564	1126	1216	426	546	432	8722	5384	200	0	32	24	322	140	52	6	432	172	276	10	740	674	336	660	2186	890	1028	170	544	332	314	230	524	540	1272	370	96	190	482	812	464	102	490	288	288	314	
655800	sub-C006_preop3T_AAL_6302	76	278	1106	4456	560	766	464	642	222	270	0	54	14	206	178	156	0	94	1396	1792	60	138	3012	4060	224	320	82	394	56	66	746	3106	3824	15374	12722	23594	15498	18282	1074	5798	352	2100	18116	23698	7614	18012	6110	11120	6792	13088	1370	1838	10	60	438	674	346	3494	5042	15914	358	4	0	16	2	314	26080	0	1504	1936	192	2378	636	2334	344	2712	4478	11918	14	66	8	782	130	638	28	264	124	594	294	102	490	1146	152	894	724	1070	594	276	392	870	136	390	222	588	500	244	72	408	416	690	612	196	430	240	234	316	
194812	sub-C006_preop3T_AAL_6401	9520	2660	2102	1934	244	134	282	108	142	22	0	0	60	16	120	4	0	0	4966	4900	172	122	334	184	32	20	42	118	32	0	18	26	1632	3126	84	424	1206	296	160	242	232	184	118	78	70	32	158	282	60	42	146	8	32	10	148	76	6372	772	1550	52	730	2	0	0	36	6	5802	1504	0	3570	3272	1004	486	88	272	162	11478	1468	0	0	0	0	98	56	66	2	112	76	166	6	1286	330	1212	414	3466	296	550	84	638	174	886	150	2254	504	2170	482	228	146	1804	662	250	148	580	734	812	778	
197896	sub-C006_preop3T_AAL_6402	336	14160	206	1012	70	114	118	838	44	14	0	46	6	172	52	40	0	496	258	5638	4	90	80	770	18	24	4	120	30	288	40	58	452	3574	434	82	240	286	122	172	92	162	168	50	86	50	240	50	28	82	16	240	8	26	84	196	136	20468	702	152	44	62	0	278	2	130	3048	1936	3570	0	462	1328	142	2034	68	876	894	11212	0	452	0	1270	32	106	4	1066	28	270	38	948	304	1770	148	1302	182	2418	214	232	294	846	112	342	250	1216	120	1684	70	396	462	254	290	212	896	356	338	396	
300492	sub-C006_preop3T_AAL_7001	2424	296	3462	1730	8454	2498	4040	294	3592	64	0	2	1134	56	3002	44	2	12	1394	374	7004	3536	622	884	662	1430	3112	2728	1278	8	252	1912	76	32	210	110	10626	688	3696	376	6268	538	1132	126	368	76	1644	166	436	96	428	32	208	14	1980	132	396	84	326	54	88	0	0	4	40	10	564	192	3272	462	0	3006	9190	396	2052	400	15234	2420	58	4	88	16	2802	156	814	6	2670	222	2276	14	992	482	886	552	1860	472	372	40	302	212	400	166	1560	716	1022	816	78	172	1936	616	154	54	622	692	1002	994	
588148	sub-C006_preop3T_AAL_7002	576	1174	1368	12758	1750	16680	1066	8390	666	4416	0	14	140	1586	646	3418	0	20	828	1148	484	6078	278	7078	146	2420	156	10796	256	180	20	276	28	82	652	1016	2144	21016	704	13316	472	18384	1506	3868	486	1350	904	5168	480	1772	228	802	30	1090	300	7948	114	924	500	738	38	2	0	0	8	54	1126	2378	1004	1328	3006	0	1784	26170	690	10918	3808	30576	22	8	14	54	242	2962	40	68	192	4638	214	402	1050	1944	740	2360	674	2270	674	164	494	774	372	498	914	2578	500	2682	146	492	2802	1212	290	112	2122	1272	1994	2364	
856088	sub-C006_preop3T_AAL_7011	4190	136	33918	2092	22048	552	37450	548	21862	184	1126	0	10278	180	17314	30	1396	6	4836	110	3518	314	2302	1336	350	152	2408	462	26204	8	24	164	94	26	540	496	16036	2208	8484	536	6938	1450	13302	334	3668	140	17974	356	6876	148	7824	50	3056	18	8086	234	4060	130	1310	178	372	2	162	10	366	34	1216	636	486	142	9190	1784	0	752	26930	684	30988	2992	3318	4	3972	18	5772	182	6420	6	3468	290	6744	12	2464	422	846	638	2648	440	984	106	1844	224	530	180	1172	712	1056	848	214	188	1208	930	382	80	666	554	836	870	
797872	sub-C006_preop3T_AAL_7012	86	3166	910	17490	320	16840	546	14330	192	7720	2	2884	58	10674	288	17258	0	5608	204	1616	170	3164	502	10548	34	996	100	7982	112	19376	16	58	20	24	502	720	1216	24018	384	13912	216	29326	1536	8856	340	4302	516	9490	334	7016	162	6100	8	4242	158	15592	36	5662	162	4102	10	380	0	2226	4	882	426	2334	88	2034	396	26170	752	0	294	18112	1834	10446	6	2520	18	6006	82	9846	20	4348	70	5062	144	4636	794	794	586	1410	358	466	290	84	318	712	264	266	518	1524	302	1494	118	238	1674	388	104	64	1284	762	1312	1464	
296000	sub-C006_preop3T_AAL_7021	3532	108	7766	880	7630	192	8236	194	6830	62	62	0	742	66	4554	14	12	4	1262	72	482	108	904	298	160	66	600	132	1492	0	6	30	34	10	234	228	9040	736	2782	226	3140	486	1328	180	942	96	2000	196	1432	86	1246	24	240	10	1336	88	3570	82	622	82	254	0	0	2	248	20	546	344	272	68	2052	690	26930	294	0	408	19168	1692	80	0	60	4	1336	98	280	0	1074	122	1812	8	1382	222	682	438	2000	216	578	82	554	142	408	96	778	486	670	424	200	102	766	598	252	66	464	372	582	606	
337616	sub-C006_preop3T_AAL_7022	196	1076	748	7128	286	4586	464	3990	186	1956	2	166	48	1236	508	1216	0	110	234	718	138	318	350	4214	8	374	10	936	90	72	12	36	24	18	444	684	746	4574	340	2672	200	4886	420	3344	252	4026	258	1364	286	4854	130	1568	8	256	116	1436	82	1454	240	2044	26	26	0	54	12	206	432	2712	162	876	400	10918	684	18112	408	0	2342	12516	6	16	20	86	118	1120	18	156	66	1564	138	262	2642	1568	2068	4104	608	712	570	94	946	578	844	694	1378	4308	776	3778	376	614	4832	696	192	124	3824	2260	4154	4474	
918396	sub-C006_preop3T_AAL_7101	18722	554	30708	2746	6994	1392	20758	688	6152	324	70	2	1612	150	4654	82	20	18	14486	946	2106	482	1632	840	234	352	536	880	4136	8	46	126	228	230	2350	2326	29488	5424	8808	1490	9398	2452	5292	2152	3358	904	7410	2252	3732	504	2410	114	472	68	4482	708	6614	562	8256	492	1972	0	0	14	250	30	8722	4478	11478	894	15234	3808	30988	1834	19168	2342	0	10558	88	6	152	36	4290	450	838	12	3962	692	4456	60	6856	1736	5220	2598	14008	1586	4618	642	3676	1142	3114	978	8096	2984	9898	2580	1020	1018	6930	4008	1612	606	2982	2886	3614	3546	
952044	sub-C006_preop3T_AAL_7102	1218	16706	5610	35176	1120	5616	2894	4964	690	1564	6	380	204	1042	752	770	0	186	4580	14754	284	1448	1316	8010	62	1036	52	2640	378	120	52	348	238	338	2022	2986	6970	22226	1810	9904	946	10494	4108	5668	1954	2768	3878	6502	1140	2460	398	592	70	218	1090	3470	322	10578	3244	5234	242	8	0	14	18	36	5384	11918	1468	11212	2420	30576	2992	10446	1692	12516	10558	0	40	18	38	44	504	2594	84	42	324	4650	722	266	5680	9832	3488	12544	1630	9362	2720	1094	3014	4244	1718	2756	2510	12652	1332	13650	772	2526	10494	3082	1950	936	9970	3920	8148	9566	
70712	sub-C006_preop3T_AAL_8101	78	0	1330	56	680	4	1424	18	718	2	166	0	404	12	452	0	3842	0	56	0	34	2	72	46	4	4	22	4	3510	0	2	6	2	0	46	46	98	14	112	4	72	10	20	4	1120	4	24	8	2508	6	1934	2	250	0	330	2	1438	0	522	2	88	0	910	0	0	0	200	14	0	0	58	22	3318	6	80	6	88	40	0	0	6676	0	294	2	1212	0	18	2	586	0	16	12	4	16	8	10	14	6	14	6	6	6	8	10	4	6	2	2	6	4	8	12	10	8	6	6	
