data	data	360896	367616	656992	944080	225812	399700	334788	304464	121192	86172	156296	156236	334688	241056	309944	182612	134504	85332	283324	267972	51364	110508	427848	561596	129808	395168	128828	257448	286512	176880	162220	154032	153172	213108	613828	541372	363888	503208	193160	291240	60988	263924	677584	636776	413036	487796	423088	451680	518900	373276	361524	161544	119656	76904	255552	382836	236952	283068	343352	310948	192412	148328	105908	132248	77636	142352	738672	702656	219488	80220	241476	534252	561164	759156	171792	186312	666148	640036	42864	72380	199884	157588	161212	116116	332796	266536	55936	120752	323488	219844	809140	514568	546640	590304	284948	216332	421104	245576	603756	624792	425044	178508	580984	533672	342296	273456	180312	268456	159216	114144	295296	328024	716936	292068	239072	135232	
data	data	sub-C012_preop3T_AAL_2001	sub-C012_preop3T_AAL_2002	sub-C012_preop3T_AAL_2101	sub-C012_preop3T_AAL_2102	sub-C012_preop3T_AAL_2111	sub-C012_preop3T_AAL_2112	sub-C012_preop3T_AAL_2201	sub-C012_preop3T_AAL_2202	sub-C012_preop3T_AAL_2211	sub-C012_preop3T_AAL_2212	sub-C012_preop3T_AAL_2301	sub-C012_preop3T_AAL_2302	sub-C012_preop3T_AAL_2311	sub-C012_preop3T_AAL_2312	sub-C012_preop3T_AAL_2321	sub-C012_preop3T_AAL_2322	sub-C012_preop3T_AAL_2331	sub-C012_preop3T_AAL_2332	sub-C012_preop3T_AAL_2401	sub-C012_preop3T_AAL_2402	sub-C012_preop3T_AAL_2501	sub-C012_preop3T_AAL_2502	sub-C012_preop3T_AAL_2601	sub-C012_preop3T_AAL_2602	sub-C012_preop3T_AAL_2611	sub-C012_preop3T_AAL_2612	sub-C012_preop3T_AAL_2701	sub-C012_preop3T_AAL_2702	sub-C012_preop3T_AAL_3001	sub-C012_preop3T_AAL_3002	sub-C012_preop3T_AAL_4001	sub-C012_preop3T_AAL_4002	sub-C012_preop3T_AAL_4011	sub-C012_preop3T_AAL_4012	sub-C012_preop3T_AAL_4021	sub-C012_preop3T_AAL_4022	sub-C012_preop3T_AAL_4101	sub-C012_preop3T_AAL_4102	sub-C012_preop3T_AAL_4111	sub-C012_preop3T_AAL_4112	sub-C012_preop3T_AAL_4201	sub-C012_preop3T_AAL_4202	sub-C012_preop3T_AAL_5001	sub-C012_preop3T_AAL_5002	sub-C012_preop3T_AAL_5011	sub-C012_preop3T_AAL_5012	sub-C012_preop3T_AAL_5021	sub-C012_preop3T_AAL_5022	sub-C012_preop3T_AAL_5101	sub-C012_preop3T_AAL_5102	sub-C012_preop3T_AAL_5201	sub-C012_preop3T_AAL_5202	sub-C012_preop3T_AAL_5301	sub-C012_preop3T_AAL_5302	sub-C012_preop3T_AAL_5401	sub-C012_preop3T_AAL_5402	sub-C012_preop3T_AAL_6001	sub-C012_preop3T_AAL_6002	sub-C012_preop3T_AAL_6101	sub-C012_preop3T_AAL_6102	sub-C012_preop3T_AAL_6201	sub-C012_preop3T_AAL_6202	sub-C012_preop3T_AAL_6211	sub-C012_preop3T_AAL_6212	sub-C012_preop3T_AAL_6221	sub-C012_preop3T_AAL_6222	sub-C012_preop3T_AAL_6301	sub-C012_preop3T_AAL_6302	sub-C012_preop3T_AAL_6401	sub-C012_preop3T_AAL_6402	sub-C012_preop3T_AAL_7001	sub-C012_preop3T_AAL_7002	sub-C012_preop3T_AAL_7011	sub-C012_preop3T_AAL_7012	sub-C012_preop3T_AAL_7021	sub-C012_preop3T_AAL_7022	sub-C012_preop3T_AAL_7101	sub-C012_preop3T_AAL_7102	sub-C012_preop3T_AAL_8101	sub-C012_preop3T_AAL_8102	sub-C012_preop3T_AAL_8111	sub-C012_preop3T_AAL_8112	sub-C012_preop3T_AAL_8121	sub-C012_preop3T_AAL_8122	sub-C012_preop3T_AAL_8201	sub-C012_preop3T_AAL_8202	sub-C012_preop3T_AAL_8211	sub-C012_preop3T_AAL_8212	sub-C012_preop3T_AAL_8301	sub-C012_preop3T_AAL_8302	sub-C012_preop3T_AAL_9001	sub-C012_preop3T_AAL_9002	sub-C012_preop3T_AAL_9011	sub-C012_preop3T_AAL_9012	sub-C012_preop3T_AAL_9021	sub-C012_preop3T_AAL_9022	sub-C012_preop3T_AAL_9031	sub-C012_preop3T_AAL_9032	sub-C012_preop3T_AAL_9041	sub-C012_preop3T_AAL_9042	sub-C012_preop3T_AAL_9051	sub-C012_preop3T_AAL_9052	sub-C012_preop3T_AAL_9061	sub-C012_preop3T_AAL_9062	sub-C012_preop3T_AAL_9071	sub-C012_preop3T_AAL_9072	sub-C012_preop3T_AAL_9081	sub-C012_preop3T_AAL_9082	sub-C012_preop3T_AAL_9100	sub-C012_preop3T_AAL_9110	sub-C012_preop3T_AAL_9120	sub-C012_preop3T_AAL_9130	sub-C012_preop3T_AAL_9140	sub-C012_preop3T_AAL_9150	sub-C012_preop3T_AAL_9160	sub-C012_preop3T_AAL_9170	
360896	sub-C012_preop3T_AAL_2001	0	1434	10578	1338	10	2	17948	106	4	0	14866	2	3708	2	464	0	10818	2	9640	2046	2	0	70	26	2	0	4	0	3060	0	4	0	4	686	4	0	40	14	18	4	18	4	26	0	8	4	20	30	40	8	384	0	18	0	290	10	19588	72	370	20	9068	0	7020	0	2602	0	24	22	13582	558	542	6	5016	38	976	2	16004	308	144	0	3600	0	1452	0	4624	0	8	2	2596	0	2010	268	722	314	2158	56	1662	102	1628	216	588	130	936	346	762	76	316	78	298	80	206	112	568	156	506	144	
367616	sub-C012_preop3T_AAL_2002	1434	0	348	15158	34	250	44	21158	34	20	8	9630	64	1682	52	216	0	3806	1396	1842	4	164	70	578	42	142	26	92	18	430	12	8	1812	1294	14	16	88	498	8	302	2	512	42	72	10	32	12	226	26	30	34	24	10	20	16	88	556	28374	328	3868	0	7956	0	5636	0	4812	4394	432	6634	8146	312	1940	80	2860	36	2264	520	19958	0	32	0	294	0	64	26	2032	0	52	34	1164	316	3184	230	866	140	3156	190	286	244	2540	196	56	298	310	110	162	68	134	1390	552	286	306	812	166	274	782	
656992	sub-C012_preop3T_AAL_2101	10578	348	0	34984	2596	3144	43608	2038	3136	26	7532	8	10796	264	3810	116	4196	0	33270	7106	44	58	47722	24924	110	2824	28	104	2708	32	7366	8398	6618	4690	2472	164	586	124	178	46	30	34	1904	222	460	170	684	152	104	112	214	208	38	34	106	38	306	104	122	206	18	2	0	0	12	0	3412	468	1742	44	2410	3426	5640	2914	692	496	11216	836	0	96	592	2	884	0	84	52	4	4	142	34	1420	352	532	356	2408	126	422	96	1088	404	276	76	628	294	1180	82	258	76	166	32	142	132	482	62	150	34	
944080	sub-C012_preop3T_AAL_2102	1338	15158	34984	0	3168	10154	9594	35746	1152	1130	392	9500	1154	11746	898	2096	30	2842	14816	40348	80	262	26342	69860	1324	8362	154	396	78	2486	6634	9460	2246	7760	306	1026	322	2194	74	892	22	914	494	1346	72	876	256	1258	210	572	162	642	26	222	26	432	152	1724	154	1904	14	256	0	118	8	76	764	3290	4538	132	3156	14120	1398	22790	156	5144	2802	30968	0	484	12	360	14	144	32	514	0	144	48	386	1020	2210	664	1018	944	2252	578	206	748	2616	562	184	1220	1182	910	1586	344	740	3726	1636	356	446	1166	808	2180	2902	
225812	sub-C012_preop3T_AAL_2111	10	34	2596	3168	0	2086	310	118	8710	10	16	6	148	132	8694	84	0	0	10	28	2328	834	3646	4216	7670	4606	12098	406	2766	24	684	338	0	4	116	20	1158	734	2568	108	886	482	822	38	408	42	810	134	940	48	636	22	62	6	54	28	4	16	104	52	2	2	0	0	0	0	22	88	18	2	7254	2728	12542	500	1914	228	2462	670	0	40	0	24	3556	18	884	2	1110	40	452	4	246	46	66	54	440	162	96	26	200	90	62	4	140	44	154	24	54	22	70	18	66	36	66	10	48	22	
399700	sub-C012_preop3T_AAL_2112	2	250	3144	10154	2086	0	744	1660	316	4926	0	6	196	372	222	8046	0	0	8	26	8	3844	3128	7102	2168	21100	334	13852	4	2254	456	448	86	130	1258	284	1728	10848	14	5022	2	7982	2368	5472	338	1694	1074	5694	192	934	22	788	2	524	4	3986	4	106	16	736	0	0	0	0	0	2	808	1342	6	30	1502	18506	100	23664	4	2934	86	3710	0	442	0	14	8	3218	24	318	0	1284	56	316	58	204	40	22	64	374	68	32	32	548	56	4	152	34	82	144	28	38	452	184	48	40	54	124	148	282	
334788	sub-C012_preop3T_AAL_2201	17948	44	43608	9594	310	744	0	788	5012	18	5578	0	23242	42	6868	22	924	0	2626	488	0	0	9010	8310	12	596	4	22	1718	6	144	1516	30	756	20	18	482	22	60	6	26	8	96	74	18	42	98	44	74	16	414	30	20	8	294	4	1424	38	270	60	3332	0	508	0	1654	0	88	84	54	18	2710	966	2582	728	802	164	2262	208	20	14	210	2	478	0	2084	10	10	0	2274	8	296	32	104	36	614	40	46	14	214	78	78	0	176	42	176	36	60	18	102	34	30	28	80	28	78	38	
304464	sub-C012_preop3T_AAL_2202	106	21158	2038	35746	118	1660	788	0	50	5970	14	11660	76	21736	52	3044	0	1086	928	106	6	14	826	6008	38	404	46	150	0	864	12	8	6	4	92	38	188	1322	46	340	8	454	88	246	8	132	110	182	64	68	48	58	8	96	14	308	50	3610	64	2674	2	2210	0	596	2	2150	128	140	122	28	404	5542	112	4372	50	660	388	5840	0	58	0	268	4	26	40	1168	0	48	54	940	62	76	46	20	106	196	72	14	42	150	34	6	102	48	52	54	24	12	222	114	32	42	50	62	84	120	
121192	sub-C012_preop3T_AAL_2211	4	34	3136	1152	8710	316	5012	50	0	12	8	4	1622	24	10188	14	0	0	18	16	232	4	408	560	22	180	578	12	1026	4	6	2	0	0	36	12	546	60	454	4	144	30	494	38	206	22	460	38	590	8	524	12	70	6	32	0	4	20	136	14	8	0	0	0	0	0	24	24	22	6	3264	390	7858	394	3028	106	3798	212	0	8	0	2	1212	0	196	2	150	0	86	2	312	42	78	52	552	40	38	14	208	80	94	4	208	60	198	26	72	14	102	12	26	44	74	28	76	36	
86172	sub-C012_preop3T_AAL_2212	0	20	26	1130	10	4926	18	5970	12	0	0	0	10	1078	14	6958	0	0	8	16	4	274	8	126	2	208	10	320	0	1680	0	2	0	2	66	30	106	1106	34	130	4	190	338	1448	8	274	120	1658	34	160	28	164	4	650	4	518	2	6	8	46	0	0	0	0	0	8	14	40	6	0	6	2716	26	5358	6	252	140	2146	0	22	0	58	2	942	26	292	0	224	32	124	12	40	8	6	38	94	30	4	8	194	10	2	22	14	6	22	4	2	50	22	6	14	14	16	16	24	
156296	sub-C012_preop3T_AAL_2301	14866	8	7532	392	16	0	5578	14	8	0	0	0	10754	0	594	0	9808	0	5012	318	0	0	770	38	2	0	0	0	3056	0	10	4	0	2	2	0	62	0	8	0	6	0	10	0	10	0	4	4	78	0	322	0	36	2	72	0	2786	8	380	8	1890	0	2200	0	208	0	94	12	48	6	676	0	2540	0	72	0	296	8	174	0	2048	0	1532	0	1728	0	16	0	1744	0	30	10	18	12	58	2	8	2	20	8	8	2	18	10	22	2	6	0	6	0	4	2	18	2	6	2	
156236	sub-C012_preop3T_AAL_2302	2	9630	8	9500	6	6	0	11660	4	0	0	0	6	13216	4	140	0	5134	2	614	0	0	10	2722	0	4	2	0	6	8578	0	0	0	0	26	16	8	42	2	40	0	12	4	54	0	192	4	6	4	214	4	170	0	18	0	134	2	998	6	658	0	526	0	924	0	510	8	254	2	0	2	150	12	4032	0	232	26	504	0	450	0	1004	0	78	0	3032	0	18	0	2146	6	20	6	2	14	50	10	4	4	52	4	0	16	4	12	14	2	2	42	14	2	4	12	10	14	20	
334688	sub-C012_preop3T_AAL_2311	3708	64	10796	1154	148	196	23242	76	1622	10	10754	6	0	14	20666	4	224	0	1336	258	0	4	2268	580	20	162	8	8	18360	4	20	24	0	0	228	168	1586	98	198	16	72	30	2790	36	548	152	2450	34	2406	62	3662	20	600	6	224	8	1218	62	2354	82	460	0	4	0	172	0	678	220	142	20	3986	290	21104	260	3572	80	8572	242	286	14	360	4	1068	0	1340	4	98	0	1816	4	976	82	318	158	1956	34	146	34	734	150	224	26	624	162	624	88	186	52	230	76	72	92	268	74	230	86	
241056	sub-C012_preop3T_AAL_2312	2	1682	264	11746	132	372	42	21736	24	1078	0	13216	14	0	14	10928	0	344	10	106	0	8	224	5442	34	300	42	32	8	9506	12	8	2	6	126	52	80	554	18	238	4	202	50	416	8	862	46	92	34	874	22	730	4	112	0	590	8	2324	26	2514	2	192	0	156	0	410	52	1044	10	0	76	3556	56	14142	24	1030	150	3168	0	1446	0	1252	2	46	20	2564	2	30	22	2036	40	92	32	12	140	248	62	6	26	232	38	8	84	32	62	60	24	16	168	70	8	28	34	54	54	90	
309944	sub-C012_preop3T_AAL_2321	464	52	3810	898	8694	222	6868	52	10188	14	594	4	20666	14	0	8	62	0	114	72	1132	8	702	522	60	188	2732	20	15522	2	14	20	0	0	152	82	1568	190	2310	28	520	74	4276	32	752	76	4058	40	2674	26	2908	16	434	8	238	10	418	40	796	48	112	0	0	0	28	0	304	112	130	8	3262	334	21570	298	4318	96	7506	324	98	18	1394	8	9908	0	1312	4	810	2	434	4	988	72	270	128	1724	44	124	40	754	126	190	18	538	138	542	72	172	38	242	76	76	96	214	70	234	100	
182612	sub-C012_preop3T_AAL_2322	0	216	116	2096	84	8046	22	3044	14	6958	0	140	4	10928	8	0	0	66	6	22	0	3324	58	438	48	652	54	3762	0	9106	6	8	8	24	118	62	94	1330	22	1946	4	1716	78	1090	8	704	62	900	34	648	20	590	4	554	0	832	6	846	24	1100	0	36	0	32	0	66	52	620	8	0	70	3682	44	10652	24	684	142	2356	0	716	0	980	2	5250	20	824	2	1264	22	408	22	82	16	14	112	206	66	12	14	170	26	6	58	24	36	42	12	12	98	44	32	18	34	38	46	60	
134504	sub-C012_preop3T_AAL_2331	10818	0	4196	30	0	0	924	0	0	0	9808	0	224	0	62	0	0	0	3550	36	0	0	0	0	0	0	0	0	4942	0	0	0	0	0	0	0	0	0	0	0	0	0	4	0	6	0	0	0	20	0	500	0	18	0	48	0	5614	0	1724	2	3382	0	4288	0	108	0	6	2	36	0	0	0	728	0	10	0	20	2	3046	0	8366	0	1420	0	2844	0	2	0	456	0	4	0	0	0	4	0	2	0	0	0	0	0	0	0	0	0	0	0	0	0	0	0	0	0	0	0	
85332	sub-C012_preop3T_AAL_2332	2	3806	0	2842	0	0	0	1086	0	0	0	5134	0	344	0	66	0	0	0	676	0	0	0	78	0	0	0	0	0	5888	0	0	0	0	2	0	0	0	0	22	0	0	0	0	0	0	2	0	0	4	0	44	0	0	0	30	0	5764	0	360	0	630	0	6064	0	474	0	38	0	0	0	2	0	1598	0	2	6	6	0	1746	0	3994	0	728	0	692	0	34	0	494	2	0	0	0	0	0	4	0	2	0	0	0	0	0	0	0	0	0	0	0	0	0	0	0	0	0	
283324	sub-C012_preop3T_AAL_2401	9640	1396	33270	14816	10	8	2626	928	18	8	5012	2	1336	10	114	6	3550	0	0	15292	0	8	3126	1204	8	10	2	6	920	0	2414	1056	5292	4150	72	92	218	32	40	26	16	10	144	30	30	14	96	66	80	4	128	2	30	0	14	16	242	64	56	42	6	0	0	0	4	0	262	206	7226	64	522	20	2310	90	182	10	11478	424	0	2	504	0	514	0	56	0	4	6	98	0	1164	388	400	388	2078	62	466	110	774	332	288	96	664	276	968	44	234	66	136	16	182	98	386	62	178	16	
267972	sub-C012_preop3T_AAL_2402	2046	1842	7106	40348	28	26	488	106	16	16	318	614	258	106	72	22	36	676	15292	0	18	12	1750	3410	14	34	26	14	48	476	2778	1228	2824	10300	58	6	74	244	14	58	6	88	128	80	18	8	62	186	48	12	34	10	4	38	10	52	76	516	46	48	4	4	0	4	2	2	458	302	5542	2424	592	1024	972	874	74	154	1882	10106	0	0	12	18	8	44	16	14	0	16	22	10	546	718	348	482	598	510	242	102	358	868	238	126	514	804	424	660	126	428	1942	958	172	202	588	284	1286	1610	
51364	sub-C012_preop3T_AAL_2501	2	4	44	80	2328	8	0	6	232	4	0	0	0	0	1132	0	0	0	0	18	0	868	350	178	294	374	2992	198	284	0	2944	558	1720	334	112	10	70	20	1166	16	1140	12	120	4	26	2	100	2	8	2	6	0	0	0	14	0	0	0	0	0	0	0	0	0	0	0	86	14	0	0	3372	174	1830	4	2	0	32	22	0	0	0	0	1466	0	228	0	464	2	192	0	4	2	0	2	2	0	0	0	2	0	0	0	0	0	0	0	0	0	0	0	0	0	0	0	0	0	
110508	sub-C012_preop3T_AAL_2502	0	164	58	262	834	3844	0	14	4	274	0	0	4	8	8	3324	0	0	8	12	868	0	1218	1154	1890	3930	1202	7314	0	430	1452	2524	108	838	28	82	30	1282	4	4016	0	3766	58	142	2	60	12	240	20	24	0	10	0	108	0	136	0	4	2	8	0	0	0	0	0	0	32	400	6	4	2046	4810	34	1512	0	16	18	250	0	0	0	0	2	2402	8	12	4	1680	14	34	0	14	0	6	8	42	32	10	0	22	0	0	0	0	0	6	0	2	0	6	34	0	8	0	0	0	
427848	sub-C012_preop3T_AAL_2601	70	70	47722	26342	3646	3128	9010	826	408	8	770	10	2268	224	702	58	0	0	3126	1750	350	1218	0	28810	3548	5700	1564	888	140	30	10786	9694	8022	8298	2606	1590	290	692	148	556	24	202	1946	742	518	190	630	1014	70	108	88	160	8	30	82	124	26	48	38	160	4	2	0	0	0	0	3504	2360	532	24	3332	4104	1906	2312	254	320	1300	416	0	78	0	6	14	38	30	46	6	86	54	34	220	48	72	42	426	58	24	12	198	114	38	6	102	42	150	30	46	16	52	20	20	34	74	8	24	10	
561596	sub-C012_preop3T_AAL_2602	26	578	24924	69860	4216	7102	8310	6008	560	126	38	2722	580	5442	522	438	0	78	1204	3410	178	1154	28810	0	3576	14040	960	1744	16	616	5564	10966	476	6184	240	1098	132	1046	30	510	10	308	270	844	62	466	124	852	106	336	66	520	14	84	8	188	30	902	62	1516	6	10	0	52	2	44	276	2658	94	38	4456	11486	264	16090	24	3638	550	9672	0	382	0	306	8	28	8	390	0	82	10	268	264	976	182	276	232	1226	168	68	218	1182	186	20	428	170	308	504	164	112	874	326	96	124	332	312	382	574	
129808	sub-C012_preop3T_AAL_2611	2	42	110	1324	7670	2168	12	38	22	2	2	0	20	34	60	48	0	0	8	14	294	1890	3548	3576	0	8376	4710	4262	0	12	2064	258	110	26	94	28	264	1258	54	782	26	1746	238	516	156	154	122	436	242	78	78	64	4	26	6	434	0	6	8	30	2	0	0	0	0	0	26	92	2	4	6022	5352	1646	2266	110	158	184	260	0	4	0	0	18	374	44	48	14	420	78	64	2	2	0	2	34	12	16	6	2	22	2	0	6	4	2	6	2	4	8	10	2	4	2	4	6	4	
395168	sub-C012_preop3T_AAL_2612	0	142	2824	8362	4606	21100	596	404	180	208	0	4	162	300	188	652	0	0	10	34	374	3930	5700	14040	8376	0	2070	15046	0	70	2558	2096	138	252	1022	230	1428	8580	14	3116	2	6666	1868	4534	252	1626	896	4172	154	960	8	852	2	370	4	3182	2	80	16	724	0	0	0	0	0	2	592	1420	2	6	5324	24238	142	20064	2	2500	68	2728	0	424	0	12	8	890	48	328	0	904	98	320	40	112	26	14	46	200	42	20	26	282	34	2	116	22	60	116	24	32	366	154	20	36	36	108	126	222	
128828	sub-C012_preop3T_AAL_2701	4	26	28	154	12098	334	4	46	578	10	0	2	8	42	2732	54	0	0	2	26	2992	1202	1564	960	4710	2070	0	1466	270	22	1430	80	574	152	232	26	1032	1002	1986	260	726	818	734	136	360	56	636	220	744	52	442	10	34	16	48	112	2	6	56	38	2	0	0	0	0	0	84	106	2	2	5806	2718	7112	578	126	106	340	572	0	32	0	22	1298	80	466	2	392	96	484	4	26	24	14	20	72	130	70	16	20	42	4	2	6	2	4	2	0	6	2	18	44	16	16	2	2	0	
257448	sub-C012_preop3T_AAL_2702	0	92	104	396	406	13852	22	150	12	320	0	0	8	32	20	3762	0	0	6	14	198	7314	888	1744	4262	15046	1466	0	0	224	888	146	88	110	1114	292	1594	8906	4	6252	0	10030	1732	3104	252	862	940	3236	154	354	4	132	0	346	0	3526	0	4	8	56	0	0	0	0	0	0	644	582	4	2	1774	11974	106	12188	0	218	18	1004	0	46	0	2	6	2696	40	88	0	2212	76	172	2	22	0	4	8	62	36	16	2	156	2	0	2	0	2	6	4	0	10	2	40	6	12	0	4	2	
286512	sub-C012_preop3T_AAL_3001	3060	18	2708	78	2766	4	1718	0	1026	0	3056	6	18360	8	15522	0	4942	0	920	48	284	0	140	16	0	0	270	0	0	4	0	0	0	0	186	142	822	26	414	2	482	4	2718	8	472	110	2686	12	2238	46	3886	8	668	2	336	0	3038	18	4220	42	1672	0	408	0	230	0	546	160	120	4	1416	24	28782	20	2556	8	6180	80	2854	6	4474	4	6544	0	1934	0	1124	0	1390	0	752	44	232	80	1354	14	84	16	590	86	160	10	406	80	458	46	140	32	108	42	28	58	170	38	130	22	
176880	sub-C012_preop3T_AAL_3002	0	430	32	2486	24	2254	6	864	4	1680	0	8578	4	9506	2	9106	0	5888	0	476	0	430	30	616	12	70	22	224	4	0	4	2	0	6	42	30	16	378	2	490	0	648	12	412	0	456	6	272	0	434	0	598	0	346	0	744	4	2424	6	2100	0	140	0	464	0	210	14	650	4	0	32	688	16	17190	0	398	24	620	0	2616	0	4782	0	4104	0	1726	0	702	0	1290	18	28	6	2	22	94	24	2	16	88	8	4	28	10	12	24	6	4	56	28	6	10	12	26	22	34	
162220	sub-C012_preop3T_AAL_4001	4	12	7366	6634	684	456	144	12	6	0	10	0	20	12	14	6	0	0	2414	2778	2944	1452	10786	5564	2064	2558	1430	888	0	4	0	8000	8398	4856	1580	142	104	68	106	74	0	84	782	58	300	14	230	56	2	14	2	30	0	2	60	10	0	2	0	18	0	0	0	0	0	0	1358	330	76	6	3772	1552	238	174	6	2	102	14	0	10	0	0	2	36	2	2	2	20	8	2	20	6	4	6	36	0	6	2	18	6	2	0	4	2	8	2	4	4	0	2	2	4	4	0	0	0	
154032	sub-C012_preop3T_AAL_4002	0	8	8398	9460	338	448	1516	8	2	2	4	0	24	8	20	8	0	0	1056	1228	558	2524	9694	10966	258	2096	80	146	0	2	8000	0	326	10602	86	1496	6	288	0	334	0	32	34	614	4	24	8	566	0	10	0	14	0	8	0	42	0	2	0	8	0	0	0	0	0	0	62	2948	8	0	546	1584	20	314	0	6	16	12	0	12	0	2	0	8	0	8	4	50	0	6	6	0	2	0	10	0	2	2	6	2	4	0	6	0	2	2	2	0	2	0	2	2	2	0	0	0	
153172	sub-C012_preop3T_AAL_4011	4	1812	6618	2246	0	86	30	6	0	0	0	0	0	2	0	8	0	0	5292	2824	1720	108	8022	476	110	138	574	88	0	0	8398	326	0	4610	6056	400	208	134	232	122	0	34	3508	120	1120	48	1102	192	16	40	4	24	2	0	150	42	0	428	30	84	0	0	0	0	0	0	11580	1372	3098	940	1492	138	64	84	2	6	24	32	0	14	0	2	0	2	2	2	0	38	10	2	6	8	6	4	0	6	2	2	4	4	8	0	10	0	4	0	2	0	8	2	2	0	2	2	2	4	
213108	sub-C012_preop3T_AAL_4012	686	1294	4690	7760	4	130	756	4	0	2	2	0	0	6	0	24	0	0	4150	10300	334	838	8298	6184	26	252	152	110	0	6	4856	10602	4610	0	538	5772	6	1422	2	1372	0	208	184	1678	134	90	26	2534	28	34	0	14	0	6	2	272	398	448	230	36	0	0	0	0	0	0	3678	12714	3384	3514	338	590	14	126	0	2	44	164	0	4	0	12	0	18	0	2	0	218	0	16	16	6	14	4	24	0	2	4	6	20	12	0	20	6	16	4	4	6	4	4	4	4	8	8	10	0	
613828	sub-C012_preop3T_AAL_4021	4	14	2472	306	116	1258	20	92	36	66	2	26	228	126	152	118	0	2	72	58	112	28	2606	240	94	1022	232	1114	186	42	1580	86	6056	538	0	38870	9046	7930	610	1394	32	1256	32388	21782	20776	20986	9094	4798	20770	15378	1218	274	86	128	292	988	0	26	2824	1324	2	0	0	0	0	6	34994	29394	20	66	256	1370	542	1722	120	272	2588	1726	0	150	0	88	20	0	100	6	6	160	142	18	102	86	36	42	256	258	398	50	100	104	22	0	28	10	16	4	6	0	2	32	106	38	72	2	2	0	
541372	sub-C012_preop3T_AAL_4022	0	16	164	1026	20	284	18	38	12	30	0	16	168	52	82	62	0	0	92	6	10	82	1590	1098	28	230	26	292	142	30	142	1496	400	5772	38870	0	4902	5974	154	2468	14	538	22354	22682	18132	20404	5438	6638	18030	14784	1120	170	80	90	46	986	26	4	3104	1246	2	0	0	0	0	0	25880	36464	88	2	86	302	282	422	92	108	2100	1030	0	74	0	60	10	30	24	6	0	368	46	46	96	82	48	34	218	212	312	34	90	102	20	0	28	8	8	2	4	0	2	32	76	16	58	2	2	0	
363888	sub-C012_preop3T_AAL_4101	40	88	586	322	1158	1728	482	188	546	106	62	8	1586	80	1568	94	0	0	218	74	70	30	290	132	264	1428	1032	1594	822	16	104	6	208	6	9046	4902	0	9914	13992	2038	5750	2628	9892	5778	2198	2122	11748	3242	1898	454	882	26	164	2	4760	1194	6	76	726	194	16	0	0	0	0	2	8338	5016	66	44	4242	1940	7786	2134	3306	60	17924	3236	0	44	4	22	2022	0	3334	0	356	148	8340	8	276	98	90	80	1262	374	434	230	222	306	88	6	202	58	142	32	62	26	68	198	110	184	316	32	78	14	
503208	sub-C012_preop3T_AAL_4102	14	498	124	2194	734	10848	22	1322	60	1106	0	42	98	554	190	1330	0	0	32	244	20	1282	692	1046	1258	8580	1002	8906	26	378	68	288	134	1422	7930	5974	9914	0	506	20624	66	18810	9034	14024	1756	3586	5490	15418	1224	1186	72	180	28	1032	150	13342	18	74	104	182	0	0	0	0	0	4	5928	8390	54	72	388	12460	1426	16068	68	2890	994	16822	0	6	0	52	50	1390	288	462	22	3514	696	1642	86	142	60	58	188	338	234	82	58	556	40	6	70	24	94	18	22	14	62	66	204	28	94	44	52	40	
193160	sub-C012_preop3T_AAL_4111	18	8	178	74	2568	14	60	46	454	34	8	2	198	18	2310	22	0	0	40	14	1166	4	148	30	54	14	1986	4	414	2	106	0	232	2	610	154	13992	506	0	304	4840	190	3732	32	1598	118	10264	44	1938	114	1728	20	1400	0	9240	74	0	2	1246	102	32	0	0	0	4	0	3814	216	14	2	646	94	2702	52	712	16	4704	688	0	12	8	8	2772	0	2148	2	280	48	6804	4	848	100	262	128	910	504	1626	450	816	534	92	30	256	120	108	60	74	50	50	100	72	382	640	36	62	12	
291240	sub-C012_preop3T_AAL_4112	4	302	46	892	108	5022	6	340	4	130	0	40	16	238	28	1946	0	22	26	58	16	4016	556	510	782	3116	260	6252	2	490	74	334	122	1372	1394	2468	2038	20624	304	0	18	13418	1340	5536	280	1750	1262	10010	126	1026	10	228	14	530	92	14834	8	22	44	150	0	0	0	0	0	60	884	5576	32	8	162	4874	196	4894	20	1010	352	5588	0	44	0	1060	10	3318	106	356	12	5238	244	1738	66	1216	54	200	32	364	140	542	44	1508	30	16	32	52	74	24	18	28	14	10	178	146	332	26	26	10	
60988	sub-C012_preop3T_AAL_4201	18	2	30	22	886	2	26	8	144	4	6	0	72	4	520	4	0	0	16	6	1140	0	24	10	26	2	726	0	482	0	0	0	0	0	32	14	5750	66	4840	18	0	36	88	2	172	14	406	2	376	10	214	0	14	0	276	4	2	2	6	2	0	0	0	0	0	0	70	26	8	0	520	16	3290	16	440	8	2516	128	0	2	0	0	3654	0	272	0	1190	8	1148	0	62	6	16	8	174	6	34	8	30	8	20	4	74	10	26	4	22	4	50	8	8	6	18	12	32	6	
263924	sub-C012_preop3T_AAL_4202	4	512	34	914	482	7982	8	454	30	190	0	12	30	202	74	1716	0	0	10	88	12	3766	202	308	1746	6666	818	10030	4	648	84	32	34	208	1256	538	2628	18810	190	13418	36	0	1650	2576	282	756	1302	3116	188	316	36	96	14	324	40	6502	4	26	46	92	0	0	0	0	0	0	666	1002	18	46	374	8342	796	10670	38	1780	384	4736	0	16	0	30	22	4020	150	20	10	5190	368	476	26	98	14	46	92	212	154	48	22	212	20	2	20	10	22	6	8	4	14	10	138	14	52	8	12	2	
677584	sub-C012_preop3T_AAL_5001	26	42	1904	494	822	2368	96	88	494	338	10	4	2790	50	4276	78	4	0	144	128	120	58	1946	270	238	1868	734	1732	2718	12	782	34	3508	184	32388	22354	9892	9034	3732	1340	88	1650	0	24702	26364	13456	29030	8230	23316	8316	5856	194	1328	168	2562	1196	14	48	1698	518	4	0	0	0	2	2	32284	18636	22	54	380	2136	6702	3484	288	130	3622	1732	2	14	516	6	1236	14	2320	8	1080	154	2684	138	630	160	12	46	236	184	2038	68	562	538	44	10	60	10	42	16	22	14	48	34	250	126	86	0	48	24	
636776	sub-C012_preop3T_AAL_5002	0	72	222	1346	38	5472	74	246	38	1448	0	54	36	416	32	1090	0	0	30	80	4	142	742	844	516	4534	136	3104	8	412	58	614	120	1678	21782	22682	5778	14024	32	5536	2	2576	24702	0	12150	32716	4802	28884	10090	14510	140	3688	8	2456	14	7172	28	44	362	198	0	0	0	0	0	6	19716	28468	38	0	86	5226	52	12242	2	3610	130	3846	0	6	0	188	4	394	2	1356	2	1346	10	1906	20	84	14	24	30	270	94	52	14	630	20	0	26	10	24	24	8	16	114	36	106	12	22	16	32	72	
413036	sub-C012_preop3T_AAL_5011	8	10	460	72	408	338	18	8	206	8	10	0	548	8	752	8	6	0	30	18	26	2	518	62	156	252	360	252	472	0	300	4	1120	134	20776	18132	2198	1756	1598	280	172	282	26364	12150	0	13720	3586	1336	26500	9428	3072	48	430	14	940	142	0	22	4686	260	6	0	0	0	0	0	24508	15156	4	44	98	314	1604	378	452	2	1438	416	0	4	1376	2	1048	2	1624	4	424	28	996	6	62	16	30	18	214	108	882	62	58	96	68	2	88	10	80	6	14	6	42	14	12	70	82	6	68	4	
487796	sub-C012_preop3T_AAL_5012	4	32	170	876	42	1694	42	132	22	274	0	192	152	862	76	704	0	0	14	8	2	60	190	466	154	1626	56	862	110	456	14	24	48	90	20986	20404	2122	3586	118	1750	14	756	13456	32716	13720	0	2882	3424	13058	32050	954	3870	54	564	8	2582	4	30	2026	2180	2	2	0	0	0	32	13458	23358	18	2	72	2890	206	5412	50	4162	1114	3020	0	550	0	326	8	278	8	1722	4	450	14	1334	78	140	36	54	156	434	326	64	66	170	44	2	46	34	46	52	18	42	222	84	168	42	88	32	60	134	
423088	sub-C012_preop3T_AAL_5021	20	12	684	256	810	1074	98	110	460	120	4	4	2450	46	4058	62	0	2	96	62	100	12	630	124	122	896	636	940	2686	6	230	8	1102	26	9094	5438	11748	5490	10264	1262	406	1302	29030	4802	3586	2882	0	2642	3776	1680	5222	30	5472	10	16286	956	2	14	828	322	4	0	0	0	0	2	9816	4608	18	10	352	1090	6678	1390	312	32	4166	2086	2	14	362	10	1296	12	4350	0	1212	158	8210	70	2486	60	44	62	232	118	10400	334	7510	296	78	14	86	32	60	24	174	44	34	34	2082	294	244	12	38	2	
451680	sub-C012_preop3T_AAL_5022	30	226	152	1258	134	5694	44	182	38	1658	4	6	34	92	40	900	0	0	66	186	2	240	1014	852	436	4172	220	3236	12	272	56	566	192	2534	4798	6638	3242	15418	44	10010	2	3116	8230	28884	1336	3424	2642	0	1382	1082	68	514	4	4668	156	20752	44	346	500	1048	6	0	0	0	0	2	4654	12182	116	44	126	3972	202	11670	16	654	516	5422	0	4	0	74	2	392	10	150	2	1710	32	1854	426	1752	214	546	168	2838	2362	7712	1072	10236	86	62	230	316	170	372	102	1788	54	212	4756	1896	1452	194	86	30	
518900	sub-C012_preop3T_AAL_5101	40	26	104	210	940	192	74	64	590	34	78	4	2406	34	2674	34	20	0	80	48	8	20	70	106	242	154	744	154	2238	0	2	0	16	28	20770	18030	1898	1224	1938	126	376	188	23316	10090	26500	13058	3776	1382	0	11362	23950	184	2232	138	1882	54	10	30	15346	740	586	0	0	0	16	2	17952	12454	24	14	282	372	5542	340	1552	28	5266	672	48	4	5648	2	3170	0	6062	2	926	10	3860	4	292	70	132	70	768	336	672	184	226	252	174	8	232	52	188	28	46	22	106	52	62	174	254	12	156	10	
373276	sub-C012_preop3T_AAL_5102	8	30	112	572	48	934	16	68	8	160	0	214	62	874	26	648	0	4	4	12	2	24	108	336	78	960	52	354	46	434	14	10	40	34	15378	14784	454	1186	114	1026	10	316	8316	14510	9428	32050	1680	1082	11362	0	848	11736	28	864	2	1802	2	54	1844	6080	2	54	0	4	0	3084	8240	14088	8	2	54	1772	114	3810	32	3244	522	2234	0	1222	0	952	4	280	10	2068	2	188	16	1244	66	110	32	48	134	348	240	52	50	140	34	2	36	32	36	36	16	30	186	64	138	40	86	28	48	108	
361524	sub-C012_preop3T_AAL_5201	384	34	214	162	636	22	414	48	524	28	322	4	3662	22	2908	20	500	0	128	34	6	0	88	66	78	8	442	4	3886	0	2	0	4	0	1218	1120	882	72	1728	10	214	36	5856	140	3072	954	5222	68	23950	848	0	12	14728	4	4220	4	110	32	14110	208	8916	0	14	0	5662	0	1846	840	44	16	262	120	6838	76	1298	32	4506	388	782	2	8668	0	3718	0	21810	0	1814	2	14656	0	734	68	204	82	648	200	404	130	602	166	206	18	302	88	222	52	62	38	104	32	50	110	230	34	180	18	
161544	sub-C012_preop3T_AAL_5202	0	24	208	642	22	788	30	58	12	164	0	170	20	730	16	590	0	44	2	10	0	10	160	520	64	852	10	132	8	598	30	14	24	14	274	170	26	180	20	228	0	96	194	3688	48	3870	30	514	184	11736	12	0	0	2808	0	2714	2	44	6	3822	0	146	0	16	0	9092	80	2070	2	0	18	1256	18	2672	4	646	68	294	0	2264	0	3134	0	522	2	15290	0	276	2	5920	6	20	2	4	16	62	30	32	4	42	4	0	6	2	10	6	2	4	16	6	20	14	14	6	8	12	
119656	sub-C012_preop3T_AAL_5301	18	10	38	26	62	2	20	8	70	4	36	0	600	4	434	4	18	0	30	4	0	0	8	14	4	2	34	0	668	0	0	0	2	0	86	80	164	28	1400	14	14	14	1328	8	430	54	5472	4	2232	28	14728	0	0	0	8874	2	14	6	586	22	338	0	2	0	40	0	128	94	6	2	40	20	982	6	106	6	728	78	134	0	1236	0	718	0	6254	0	646	2	8866	0	1000	8	12	6	44	10	82	8	402	10	14	2	26	4	20	0	6	2	2	2	2	6	6	4	8	2	
76904	sub-C012_preop3T_AAL_5302	0	20	34	222	6	524	8	96	6	650	2	18	6	112	8	554	0	0	0	38	0	108	30	84	26	370	16	346	2	346	2	8	0	6	128	90	2	1032	0	530	0	324	168	2456	14	564	10	4668	138	864	4	2808	0	0	0	9094	0	36	6	66	0	20	0	0	0	134	78	154	0	2	8	1062	10	2740	0	338	8	842	0	2	0	26	0	292	0	1246	0	794	0	3364	0	318	0	4	2	28	14	22	0	256	0	0	2	0	0	0	0	0	4	2	16	2	6	2	2	2	
255552	sub-C012_preop3T_AAL_5401	290	16	106	26	54	4	294	14	32	4	72	0	224	0	238	0	48	0	14	10	14	0	82	8	6	4	48	0	336	0	60	0	150	2	292	46	4760	150	9240	92	276	40	2562	14	940	8	16286	156	1882	2	4220	0	8874	0	0	44	34	16	1120	14	174	0	0	0	148	0	1488	28	2	2	342	14	852	8	360	2	1860	204	54	0	366	0	328	0	2366	0	60	12	19454	0	6594	94	60	174	108	26	6814	892	19612	1036	784	18	114	146	34	30	530	60	14	10	2084	4944	2186	34	24	6	
382836	sub-C012_preop3T_AAL_5402	10	88	38	432	28	3986	4	308	0	518	0	134	8	590	10	832	0	30	16	52	0	136	124	188	434	3182	112	3526	0	744	10	42	42	272	988	986	1194	13342	74	14834	4	6502	1196	7172	142	2582	956	20752	54	1802	4	2714	2	9094	44	0	6	52	18	346	0	34	0	0	0	574	472	2482	22	22	66	3652	46	7084	4	1014	152	3130	0	226	0	2446	0	2182	40	5158	6	4092	66	17754	386	5100	120	2008	50	202	882	5728	780	15476	34	16	68	116	54	548	26	2430	44	24	1860	2628	1114	134	82	28	
236952	sub-C012_preop3T_AAL_6001	19588	556	306	152	4	4	1424	50	4	2	2786	2	1218	8	418	6	5614	0	242	76	0	0	26	30	0	2	2	0	3038	4	0	0	0	398	0	26	6	18	0	8	2	4	14	28	0	4	2	44	10	2	110	2	14	0	34	6	0	826	7006	104	14510	0	11912	0	866	0	5974	1046	7308	1294	356	114	7014	16	2012	8	5972	406	542	0	1782	0	180	0	1712	2	16	0	550	2	1056	70	634	166	1814	76	664	12	660	70	764	38	1272	206	796	90	318	68	382	44	70	46	362	172	662	140	
283068	sub-C012_preop3T_AAL_6002	72	28374	104	1724	16	106	38	3610	20	6	8	998	62	2324	40	846	0	5764	64	516	0	4	48	902	6	80	6	4	18	2424	2	2	428	448	26	4	76	74	2	22	2	26	48	44	22	30	14	346	30	54	32	44	6	36	16	52	826	0	684	15450	0	13038	0	15886	0	3796	4240	2110	868	4554	442	920	42	6784	20	2526	648	6852	0	914	0	1640	2	76	28	632	0	36	34	342	112	1272	96	386	166	2214	136	162	122	1146	102	20	174	200	98	108	36	98	306	134	184	142	368	124	104	64	
343352	sub-C012_preop3T_AAL_6101	370	328	122	154	104	16	270	64	136	8	380	6	2354	26	796	24	1724	0	56	46	0	2	38	62	8	16	56	8	4220	6	0	0	30	230	2824	3104	726	104	1246	44	6	46	1698	362	4686	2026	828	500	15346	1844	14110	6	586	6	1120	18	7006	684	0	1900	14124	0	146	0	3072	0	22438	6110	280	578	724	172	6804	90	3294	58	9898	1676	2856	8	5938	8	612	2	4392	2	46	10	2466	2	1310	346	624	300	2832	680	1600	194	960	386	440	34	866	206	494	112	182	82	170	98	266	170	582	88	318	44	
310948	sub-C012_preop3T_AAL_6102	20	3868	206	1904	52	736	60	2674	14	46	8	658	82	2514	48	1100	2	360	42	48	0	8	160	1516	30	724	38	56	42	2100	18	8	84	36	1324	1246	194	182	102	150	2	92	518	198	260	2180	322	1048	740	6080	208	3822	22	66	14	346	104	15450	1900	0	0	13068	0	6190	0	9122	5600	19770	64	24	294	1664	94	7468	46	2148	1006	6430	2	3536	2	7250	2	476	30	3998	0	380	48	1816	152	1390	98	518	286	2230	318	326	154	1134	72	36	186	198	112	116	22	136	110	122	374	194	534	130	100	66	
192412	sub-C012_preop3T_AAL_6201	9068	0	18	14	2	0	3332	2	8	0	1890	0	460	2	112	0	3382	0	6	4	0	0	4	6	2	0	2	0	1672	0	0	0	0	0	2	2	16	0	32	0	0	0	4	0	6	2	4	6	586	2	8916	0	338	0	174	0	14510	0	14124	0	0	0	12830	0	10460	0	738	4	22	0	0	8	1640	2	118	0	144	22	1772	0	3878	0	236	0	3702	0	6	0	1450	0	42	8	34	14	60	6	26	6	28	6	34	2	48	14	34	4	12	4	14	0	10	2	22	2	28	4	
148328	sub-C012_preop3T_AAL_6202	0	7956	2	256	2	0	0	2210	0	0	0	526	0	192	0	36	0	630	0	4	0	0	2	10	0	0	0	0	0	140	0	0	0	0	0	0	0	0	0	0	0	0	0	0	0	2	0	0	0	54	0	146	0	20	0	34	0	13038	0	13068	0	0	0	14476	0	13780	0	2	0	0	0	16	0	296	0	34	0	8	0	22	0	998	0	20	0	4424	0	26	0	1734	0	0	0	0	0	0	0	0	0	0	0	0	0	0	0	0	0	0	0	0	0	0	0	0	0	0	
105908	sub-C012_preop3T_AAL_6211	7020	0	0	0	0	0	508	0	0	0	2200	0	4	0	0	0	4288	0	0	0	0	0	0	0	0	0	0	0	408	0	0	0	0	0	0	0	0	0	0	0	0	0	0	0	0	0	0	0	0	0	14	0	2	0	0	0	11912	0	146	0	12830	0	0	0	3822	0	0	0	0	0	0	0	84	0	0	0	0	0	332	0	5066	0	18	0	3836	0	0	0	464	0	0	0	0	0	0	0	0	0	0	0	0	0	0	0	0	0	0	0	0	0	0	0	0	0	0	0	
132248	sub-C012_preop3T_AAL_6212	0	5636	0	118	0	0	0	596	0	0	0	924	0	156	0	32	0	6064	0	4	0	0	0	52	0	0	0	0	0	464	0	0	0	0	0	0	0	0	0	0	0	0	0	0	0	0	0	0	0	4	0	16	0	0	0	0	0	15886	0	6190	0	14476	0	0	0	3146	0	16	0	0	0	6	0	278	0	0	0	0	0	372	0	5122	0	8	0	4800	0	18	0	1740	0	0	0	0	0	0	0	0	0	0	0	0	0	0	0	0	0	0	0	0	0	0	0	0	0	0	
77636	sub-C012_preop3T_AAL_6221	2602	0	12	8	0	0	1654	2	0	0	208	0	172	0	28	0	108	0	4	2	0	0	0	2	0	0	0	0	230	0	0	0	0	0	0	0	0	0	4	0	0	0	2	0	0	0	0	0	16	0	5662	0	40	0	148	0	866	0	3072	0	10460	0	3822	0	0	0	2	0	10	0	2	2	248	0	34	0	44	4	14	0	186	0	44	0	7458	0	2	0	1462	0	10	0	10	6	20	0	2	2	4	0	14	2	20	10	18	4	6	0	10	2	2	0	14	4	18	4	
142352	sub-C012_preop3T_AAL_6222	0	4812	0	76	0	2	0	2150	0	8	0	510	0	410	0	66	0	474	0	2	0	0	0	44	0	2	0	0	0	210	0	0	0	0	6	0	2	4	0	60	0	0	2	6	0	32	2	2	2	3084	0	9092	0	134	0	574	0	3796	0	9122	0	13780	0	3146	0	0	2	152	0	0	0	10	0	622	0	24	2	4	0	52	0	1718	0	16	0	13396	0	42	0	3518	0	0	0	0	0	0	0	0	0	6	0	0	0	0	0	0	0	0	0	0	0	0	0	0	0	0	
738672	sub-C012_preop3T_AAL_6301	24	4394	3412	764	22	808	88	128	24	14	94	8	678	52	304	52	6	0	262	458	86	32	3504	276	26	592	84	644	546	14	1358	62	11580	3678	34994	25880	8338	5928	3814	884	70	666	32284	19716	24508	13458	9816	4654	17952	8240	1846	80	128	78	1488	472	5974	4240	22438	5600	738	0	0	0	2	2	0	35252	6686	3802	1270	996	1536	1002	1618	160	10250	2892	166	18	82	20	54	12	54	8	8	152	188	14	1280	434	632	328	3044	918	1756	152	964	410	534	30	1072	238	600	138	218	94	262	134	308	124	538	140	322	64	
702656	sub-C012_preop3T_AAL_6302	22	432	468	3290	88	1342	84	140	24	40	12	254	220	1044	112	620	2	38	206	302	14	400	2360	2658	92	1420	106	582	160	650	330	2948	1372	12714	29394	36464	5016	8390	216	5576	26	1002	18636	28468	15156	23358	4608	12182	12454	14088	840	2070	94	154	28	2482	1046	2110	6110	19770	4	2	0	16	0	152	35252	0	1038	2324	368	1940	348	3962	136	1654	2630	4798	4	1724	2	1682	14	92	30	96	4	548	56	146	230	1056	128	414	496	1676	584	316	212	922	78	32	148	152	94	84	18	104	84	114	324	136	432	72	70	46	
219488	sub-C012_preop3T_AAL_6401	13582	6634	1742	4538	18	6	54	122	22	6	48	2	142	10	130	8	36	0	7226	5542	0	6	532	94	2	2	2	4	120	4	76	8	3098	3384	20	88	66	54	14	32	8	18	22	38	4	18	18	116	24	8	44	2	6	0	2	22	7308	868	280	64	22	0	0	0	10	0	6686	1038	0	3244	1538	138	886	42	640	14	17208	566	2	0	2	0	0	0	38	2	0	8	46	4	2966	350	1150	424	3482	182	2560	138	2408	270	910	152	1598	388	894	128	446	102	358	126	336	142	828	232	586	110	
80220	sub-C012_preop3T_AAL_6402	558	8146	44	132	2	30	18	28	6	0	6	0	20	0	8	0	0	0	64	2424	0	4	24	38	4	6	2	2	4	0	6	0	940	3514	66	2	44	72	2	8	0	46	54	0	44	2	10	44	14	2	16	0	2	2	2	22	1294	4554	578	24	0	0	0	0	0	0	3802	2324	3244	0	322	112	10	54	4	76	418	2766	0	0	0	0	0	0	20	0	0	0	20	0	80	720	50	166	120	780	68	78	58	612	80	4	112	76	48	30	26	22	264	126	64	66	198	42	46	68	
241476	sub-C012_preop3T_AAL_7001	542	312	2410	3156	7254	1502	2710	404	3264	6	676	2	3986	76	3262	70	0	0	522	592	3372	2046	3332	4456	6022	5324	5806	1774	1416	32	3772	546	1492	338	256	86	4242	388	646	162	520	374	380	86	98	72	352	126	282	54	262	18	40	8	342	66	356	442	724	294	0	0	0	0	2	0	1270	368	1538	322	0	6060	7022	406	2060	68	11670	470	0	8	0	2	228	48	804	2	110	54	1352	2	420	86	152	150	1586	68	276	38	258	108	330	24	644	132	438	64	140	56	182	26	106	50	148	52	182	6	
534252	sub-C012_preop3T_AAL_7002	6	1940	3426	14120	2728	18506	966	5542	390	2716	0	150	290	3556	334	3682	0	2	20	1024	174	4810	4104	11486	5352	24238	2718	11974	24	688	1552	1584	138	590	1370	302	1940	12460	94	4874	16	8342	2136	5226	314	2890	1090	3972	372	1772	120	1256	20	1062	14	3652	114	920	172	1664	8	16	0	6	2	10	996	1940	138	112	6060	0	364	31836	106	7044	740	21168	0	784	0	50	22	840	134	520	6	1278	210	478	116	432	94	70	342	816	196	40	70	718	150	24	336	126	198	244	70	74	1092	578	92	78	124	234	300	650	
561164	sub-C012_preop3T_AAL_7011	5016	80	5640	1398	12542	100	2582	112	7858	26	2540	12	21104	56	21570	44	728	0	2310	972	1830	34	1906	264	1646	142	7112	106	28782	16	238	20	64	14	542	282	7786	1426	2702	196	3290	796	6702	52	1604	206	6678	202	5542	114	6838	18	982	10	852	46	7014	42	6804	94	1640	0	84	0	248	0	1536	348	886	10	7022	364	0	346	17786	168	23928	1272	1080	70	2002	36	6590	2	3848	0	2112	46	4120	0	2242	194	676	346	4400	218	346	104	1754	342	524	44	1202	338	1482	174	402	122	472	166	200	234	586	138	492	156	
759156	sub-C012_preop3T_AAL_7012	38	2860	2914	22790	500	23664	728	4372	394	5358	0	4032	260	14142	298	10652	0	1598	90	874	4	1512	2312	16090	2266	20064	578	12188	20	17190	174	314	84	126	1722	422	2134	16068	52	4894	16	10670	3484	12242	378	5412	1390	11670	340	3810	76	2672	6	2740	8	7084	16	6784	90	7468	2	296	0	278	0	622	1002	3962	42	54	406	31836	346	0	30	16218	594	20052	0	3534	0	3560	12	3194	64	3746	0	2444	146	2808	368	1348	268	290	304	1986	320	98	288	2356	286	28	544	214	366	758	188	134	1240	472	124	196	430	392	426	772	
171792	sub-C012_preop3T_AAL_7021	976	36	692	156	1914	4	802	50	3028	6	72	0	3572	24	4318	24	10	0	182	74	2	0	254	24	110	2	126	0	2556	0	6	0	2	0	120	92	3306	68	712	20	440	38	288	2	452	50	312	16	1552	32	1298	4	106	0	360	4	2012	20	3294	46	118	0	0	0	34	0	1618	136	640	4	2060	106	17786	30	0	14	15680	384	4	8	20	4	310	0	402	0	24	2	864	0	1350	106	448	240	2910	30	138	50	1028	184	506	30	1004	254	1150	130	352	94	482	88	112	112	366	130	518	170	
186312	sub-C012_preop3T_AAL_7022	2	2264	496	5144	228	2934	164	660	106	252	0	232	80	1030	96	684	0	2	10	154	0	16	320	3638	158	2500	106	218	8	398	2	6	6	2	272	108	60	2890	16	1010	8	1780	130	3610	2	4162	32	654	28	3244	32	646	6	338	2	1014	8	2526	58	2148	0	34	0	0	0	24	160	1654	14	76	68	7044	168	16218	14	0	288	11906	0	92	0	16	2	16	2	52	0	230	4	150	152	612	118	62	130	1246	92	34	92	1182	142	10	298	120	228	396	96	114	1180	344	42	118	162	240	332	682	
666148	sub-C012_preop3T_AAL_7101	16004	520	11216	2802	2462	86	2262	388	3798	140	296	26	8572	150	7506	142	20	6	11478	1882	32	18	1300	550	184	68	340	18	6180	24	102	16	24	44	2588	2100	17924	994	4704	352	2516	384	3622	130	1438	1114	4166	516	5266	522	4506	68	728	8	1860	152	5972	648	9898	1006	144	0	0	0	44	2	10250	2630	17208	418	11670	740	23928	594	15680	288	0	4538	10	90	30	60	1236	2	1754	2	206	56	4312	2	9524	1346	3818	1784	19096	840	7132	552	7046	1456	3366	402	6460	1654	5680	644	1866	516	2128	650	1140	690	2988	872	2936	756	
640036	sub-C012_preop3T_AAL_7102	308	19958	836	30968	670	3710	208	5840	212	2146	8	504	242	3168	324	2356	2	6	424	10106	22	250	416	9672	260	2728	572	1004	80	620	14	12	32	164	1726	1030	3236	16822	688	5588	128	4736	1732	3846	416	3020	2086	5422	672	2234	388	294	78	842	204	3130	406	6852	1676	6430	22	8	0	0	4	4	2892	4798	566	2766	470	21168	1272	20052	384	11906	4538	0	2	42	2	22	58	34	292	30	20	878	556	326	1482	7482	1120	2724	1556	10758	1830	988	1122	7070	1018	306	2344	1952	1540	2328	554	1150	7602	3960	1858	990	2766	1892	3508	5482	
42864	sub-C012_preop3T_AAL_8101	144	0	0	0	0	0	20	0	0	0	174	0	286	0	98	0	3046	0	0	0	0	0	0	0	0	0	0	0	2854	0	0	0	0	0	0	0	0	0	0	0	0	0	2	0	0	0	2	0	48	0	782	0	134	0	54	0	542	0	2856	2	1772	0	332	0	14	0	166	4	2	0	0	0	1080	0	4	0	10	2	0	0	5338	0	506	0	656	0	0	0	474	0	4	0	4	0	8	0	8	0	4	0	0	0	0	0	0	0	0	0	0	0	0	0	0	0	0	0	
72380	sub-C012_preop3T_AAL_8102	0	32	96	484	40	442	14	58	8	22	0	450	14	1446	18	716	0	1746	2	0	0	0	78	382	4	424	32	46	6	2616	10	12	14	4	150	74	44	6	12	44	2	16	14	6	4	550	14	4	4	1222	2	2264	0	2	0	226	0	914	8	3536	0	22	0	372	0	52	18	1724	0	0	8	784	70	3534	8	92	90	42	0	0	0	9728	2	412	0	490	0	8	0	306	12	0	4	0	12	8	20	2	12	6	4	0	4	0	4	0	2	0	0	0	0	2	2	0	0	0	
199884	sub-C012_preop3T_AAL_8111	3600	0	592	12	0	0	210	0	0	0	2048	0	360	0	1394	0	8366	0	504	12	0	0	0	0	0	0	0	0	4474	0	0	0	0	0	0	0	4	0	8	0	0	0	516	0	1376	0	362	0	5648	0	8668	0	1236	0	366	0	1782	0	5938	2	3878	0	5066	0	186	0	82	2	2	0	0	0	2002	0	20	0	30	2	5338	0	0	0	7360	0	22558	0	1896	0	3980	0	12	0	4	0	12	2	4	2	12	2	0	0	4	0	2	0	0	0	0	0	0	2	4	0	0	0	
157588	sub-C012_preop3T_AAL_8112	0	294	2	360	24	14	2	268	2	58	0	1004	4	1252	8	980	0	3994	0	18	0	0	6	306	0	12	22	2	4	4782	0	2	2	12	88	60	22	52	8	1060	0	30	6	188	2	326	10	74	2	952	0	3134	0	26	0	2446	0	1640	8	7250	0	998	0	5122	0	1718	20	1682	0	0	2	50	36	3560	4	16	60	22	0	9728	0	0	0	7016	0	14526	0	982	0	2360	6	2	2	2	8	6	12	6	6	4	2	2	2	2	2	2	2	2	0	0	0	2	2	0	0	0	
161212	sub-C012_preop3T_AAL_8121	1452	0	884	14	3556	8	478	4	1212	2	1532	0	1068	2	9908	2	1420	0	514	8	1466	2	14	8	18	8	1298	6	6544	0	2	0	0	0	20	10	2022	50	2772	10	3654	22	1236	4	1048	8	1296	2	3170	4	3718	0	718	0	328	0	180	2	612	2	236	0	18	0	44	0	54	14	0	0	228	22	6590	12	310	2	1236	58	506	2	7360	0	0	0	4906	0	5562	0	592	0	110	6	18	4	110	6	14	0	64	6	14	0	42	6	22	4	16	2	32	0	8	2	16	6	24	4	
116116	sub-C012_preop3T_AAL_8122	0	64	0	144	18	3218	0	26	0	942	0	78	0	46	0	5250	0	728	0	44	0	2402	38	28	374	890	80	2696	0	4104	36	8	2	18	0	30	0	1390	0	3318	0	4020	14	394	2	278	12	392	0	280	0	522	0	292	0	2182	0	76	2	476	0	20	0	8	0	16	12	92	0	0	48	840	2	3194	0	16	2	34	0	412	0	7016	0	0	0	3266	0	6956	0	1150	0	2	0	0	0	0	4	8	0	44	0	0	0	0	0	0	0	0	0	0	2	0	0	0	0	0	
332796	sub-C012_preop3T_AAL_8201	4624	26	84	32	884	24	2084	40	196	26	1728	0	1340	20	1312	20	2844	0	56	16	228	8	30	8	44	48	466	40	1934	0	2	0	2	0	100	24	3334	288	2148	106	272	150	2320	2	1624	8	4350	10	6062	10	21810	2	6254	0	2366	40	1712	28	4392	30	3702	0	3836	0	7458	0	54	30	38	20	804	134	3848	64	402	2	1754	292	656	0	22558	0	4906	0	0	0	5090	12	33998	0	184	12	40	20	150	32	104	26	136	32	52	4	76	20	50	8	10	8	12	12	10	22	46	18	44	4	
266536	sub-C012_preop3T_AAL_8202	0	2032	52	514	2	318	10	1168	2	292	0	3032	4	2564	4	824	0	692	0	14	0	12	46	390	48	328	2	88	0	1726	2	8	2	2	6	6	0	462	2	356	0	20	8	1356	4	1722	0	150	2	2068	0	15290	0	1246	0	5158	2	632	2	3998	0	4424	0	4800	0	13396	8	96	2	0	2	520	0	3746	0	52	2	30	0	490	0	14526	0	3266	0	0	0	6532	0	34604	2	0	0	0	0	2	2	28	2	40	2	0	2	0	2	2	2	0	6	2	0	2	0	2	2	4	
