data	data	302100	182020	437144	618996	404008	268592	215352	192448	159624	141540	182248	185276	279732	224472	285848	269732	89368	113216	324524	387320	90376	81600	285352	286656	119448	219252	194724	250612	245448	220708	173256	195144	241280	295420	600308	632564	411552	578844	329480	335900	181988	233056	611520	659256	587252	604716	483740	528204	579556	453936	311884	142056	73856	51824	361576	455180	239880	241748	310588	283748	210384	138084	117100	123564	108180	138228	849388	817128	249260	135048	360572	517652	621716	708232	163052	234852	830504	817296	25072	29296	172380	180840	239280	202100	399020	219488	292484	269896	368272	226828	857952	587768	567224	640324	343544	335352	493808	242980	850340	793088	458844	424660	703064	639956	322100	323056	382720	188968	253768	226948	344472	306712	616368	452356	286020	69348	
data	data	sub-C011_preop3T_AAL_2001	sub-C011_preop3T_AAL_2002	sub-C011_preop3T_AAL_2101	sub-C011_preop3T_AAL_2102	sub-C011_preop3T_AAL_2111	sub-C011_preop3T_AAL_2112	sub-C011_preop3T_AAL_2201	sub-C011_preop3T_AAL_2202	sub-C011_preop3T_AAL_2211	sub-C011_preop3T_AAL_2212	sub-C011_preop3T_AAL_2301	sub-C011_preop3T_AAL_2302	sub-C011_preop3T_AAL_2311	sub-C011_preop3T_AAL_2312	sub-C011_preop3T_AAL_2321	sub-C011_preop3T_AAL_2322	sub-C011_preop3T_AAL_2331	sub-C011_preop3T_AAL_2332	sub-C011_preop3T_AAL_2401	sub-C011_preop3T_AAL_2402	sub-C011_preop3T_AAL_2501	sub-C011_preop3T_AAL_2502	sub-C011_preop3T_AAL_2601	sub-C011_preop3T_AAL_2602	sub-C011_preop3T_AAL_2611	sub-C011_preop3T_AAL_2612	sub-C011_preop3T_AAL_2701	sub-C011_preop3T_AAL_2702	sub-C011_preop3T_AAL_3001	sub-C011_preop3T_AAL_3002	sub-C011_preop3T_AAL_4001	sub-C011_preop3T_AAL_4002	sub-C011_preop3T_AAL_4011	sub-C011_preop3T_AAL_4012	sub-C011_preop3T_AAL_4021	sub-C011_preop3T_AAL_4022	sub-C011_preop3T_AAL_4101	sub-C011_preop3T_AAL_4102	sub-C011_preop3T_AAL_4111	sub-C011_preop3T_AAL_4112	sub-C011_preop3T_AAL_4201	sub-C011_preop3T_AAL_4202	sub-C011_preop3T_AAL_5001	sub-C011_preop3T_AAL_5002	sub-C011_preop3T_AAL_5011	sub-C011_preop3T_AAL_5012	sub-C011_preop3T_AAL_5021	sub-C011_preop3T_AAL_5022	sub-C011_preop3T_AAL_5101	sub-C011_preop3T_AAL_5102	sub-C011_preop3T_AAL_5201	sub-C011_preop3T_AAL_5202	sub-C011_preop3T_AAL_5301	sub-C011_preop3T_AAL_5302	sub-C011_preop3T_AAL_5401	sub-C011_preop3T_AAL_5402	sub-C011_preop3T_AAL_6001	sub-C011_preop3T_AAL_6002	sub-C011_preop3T_AAL_6101	sub-C011_preop3T_AAL_6102	sub-C011_preop3T_AAL_6201	sub-C011_preop3T_AAL_6202	sub-C011_preop3T_AAL_6211	sub-C011_preop3T_AAL_6212	sub-C011_preop3T_AAL_6221	sub-C011_preop3T_AAL_6222	sub-C011_preop3T_AAL_6301	sub-C011_preop3T_AAL_6302	sub-C011_preop3T_AAL_6401	sub-C011_preop3T_AAL_6402	sub-C011_preop3T_AAL_7001	sub-C011_preop3T_AAL_7002	sub-C011_preop3T_AAL_7011	sub-C011_preop3T_AAL_7012	sub-C011_preop3T_AAL_7021	sub-C011_preop3T_AAL_7022	sub-C011_preop3T_AAL_7101	sub-C011_preop3T_AAL_7102	sub-C011_preop3T_AAL_8101	sub-C011_preop3T_AAL_8102	sub-C011_preop3T_AAL_8111	sub-C011_preop3T_AAL_8112	sub-C011_preop3T_AAL_8121	sub-C011_preop3T_AAL_8122	sub-C011_preop3T_AAL_8201	sub-C011_preop3T_AAL_8202	sub-C011_preop3T_AAL_8211	sub-C011_preop3T_AAL_8212	sub-C011_preop3T_AAL_8301	sub-C011_preop3T_AAL_8302	sub-C011_preop3T_AAL_9001	sub-C011_preop3T_AAL_9002	sub-C011_preop3T_AAL_9011	sub-C011_preop3T_AAL_9012	sub-C011_preop3T_AAL_9021	sub-C011_preop3T_AAL_9022	sub-C011_preop3T_AAL_9031	sub-C011_preop3T_AAL_9032	sub-C011_preop3T_AAL_9041	sub-C011_preop3T_AAL_9042	sub-C011_preop3T_AAL_9051	sub-C011_preop3T_AAL_9052	sub-C011_preop3T_AAL_9061	sub-C011_preop3T_AAL_9062	sub-C011_preop3T_AAL_9071	sub-C011_preop3T_AAL_9072	sub-C011_preop3T_AAL_9081	sub-C011_preop3T_AAL_9082	sub-C011_preop3T_AAL_9100	sub-C011_preop3T_AAL_9110	sub-C011_preop3T_AAL_9120	sub-C011_preop3T_AAL_9130	sub-C011_preop3T_AAL_9140	sub-C011_preop3T_AAL_9150	sub-C011_preop3T_AAL_9160	sub-C011_preop3T_AAL_9170	
302100	sub-C011_preop3T_AAL_2001	0	80	6882	1120	24	88	18712	432	172	8	11868	36	1584	60	384	26	8480	16	9190	1034	0	10	138	16	0	92	16	70	3714	12	10	4	8	68	82	14	26	28	18	36	16	8	80	4	62	60	64	48	132	58	930	2	368	0	140	6	23160	52	1616	38	9058	0	1824	2	1106	0	58	44	7332	20	926	182	4498	226	690	250	7544	882	292	4	1268	6	282	2	7746	0	28	6	8664	0	408	430	250	212	770	342	318	90	340	416	104	70	248	214	306	46	182	34	446	384	208	74	320	236	238	22	
182020	sub-C011_preop3T_AAL_2002	80	0	8	5438	4	18	58	15492	0	40	4	4126	8	934	2	244	4	1550	176	1788	0	6	26	58	2	20	2	6	6	786	16	40	458	232	38	14	24	12	18	16	12	2	14	26	16	36	18	350	20	54	24	108	0	18	4	12	26	12402	46	488	12	5488	2	3036	14	2670	190	52	1768	6926	10	312	18	1480	14	80	366	10562	0	16	0	104	6	62	4	778	10	2	10	800	204	954	90	846	224	2162	288	132	240	804	24	94	142	446	72	1534	100	474	226	242	316	70	562	258	226	58	
437144	sub-C011_preop3T_AAL_2101	6882	8	0	11880	6806	146	31128	678	3656	26	6172	156	8234	458	1474	96	1672	2	25618	4948	18	132	34482	8140	848	428	252	114	1118	8	5330	8758	3020	2448	1664	246	2528	122	700	44	326	52	1018	100	280	70	1262	80	94	34	54	0	0	0	174	30	260	36	50	34	26	0	14	2	32	0	1994	480	1264	54	5134	3194	5872	72	738	36	7118	320	0	0	96	0	320	4	292	2	614	26	346	6	266	108	178	170	1028	80	498	40	220	152	110	100	246	222	180	76	158	24	400	660	280	70	150	356	230	120	
618996	sub-C011_preop3T_AAL_2102	1120	5438	11880	0	3208	2048	2372	25550	32	4882	1896	7586	1000	7182	58	3686	24	3698	9810	47828	162	826	11168	35176	2006	4198	1648	736	112	312	2430	9374	2962	5754	466	868	532	2216	226	622	190	370	614	1124	266	630	672	2738	368	462	204	32	0	38	58	610	196	282	384	412	162	62	18	46	92	42	1092	2498	1646	394	6614	11904	1014	3462	220	824	3838	18200	0	382	26	246	122	420	70	22	136	590	150	64	758	808	320	878	682	2388	686	150	684	1112	258	192	476	868	336	814	308	334	2568	4042	976	260	822	1512	1676	492	
404008	sub-C011_preop3T_AAL_2111	24	4	6806	3208	0	1464	1150	40	17466	166	28	88	78	210	12668	240	2	0	18	40	3826	672	4104	4852	9042	5080	13682	2714	2810	74	2936	2172	1434	42	3014	2092	2992	1378	2762	318	4200	790	3768	350	1014	472	3328	286	1596	268	518	0	42	0	580	20	96	66	90	24	64	0	26	2	46	2	1786	626	436	34	15814	5342	21904	678	4934	362	7376	518	0	0	114	2	6062	64	2146	4	3520	94	1404	4	122	24	26	44	112	84	112	18	188	8	12	14	26	40	34	6	22	0	82	242	58	14	42	62	22	22	
268592	sub-C011_preop3T_AAL_2112	88	18	146	2048	1464	0	0	1154	76	10342	10	20	14	36	34	4736	4	2	16	46	0	776	122	1050	882	10824	1096	14864	16	1374	26	12	2	20	410	1532	230	5090	72	2706	100	5938	464	3476	454	2104	320	2654	126	1374	66	252	0	24	20	2384	90	92	86	176	36	0	18	8	34	22	174	1476	80	42	2038	13060	262	17460	110	3834	770	4028	4	0	34	108	48	3566	56	530	80	2818	46	148	34	44	14	24	50	44	88	4	46	492	12	18	28	42	14	34	14	10	158	238	82	62	36	80	84	96	
215352	sub-C011_preop3T_AAL_2201	18712	58	31128	2372	1150	0	0	688	4564	14	8076	24	11674	72	1012	16	768	16	4710	1520	0	2	4398	880	32	6	6	0	616	0	192	1180	34	190	44	16	580	20	160	32	58	4	168	6	64	6	224	32	24	6	188	2	84	2	70	10	296	18	64	30	384	0	6	0	246	0	74	42	576	10	2146	290	1216	24	238	6	1326	602	4	4	28	2	90	0	278	0	176	0	426	0	122	62	106	98	114	138	66	8	86	64	90	28	118	142	82	22	76	14	410	568	62	16	52	288	298	34	
192448	sub-C011_preop3T_AAL_2202	432	15492	678	25550	40	1154	688	0	8	4566	222	8192	54	10420	6	1472	18	1774	1242	4654	12	22	62	1202	22	94	52	8	12	48	2	88	68	6	32	26	98	136	48	40	20	10	46	74	8	58	92	234	10	92	10	120	0	26	8	60	20	688	24	214	12	3762	0	860	8	3138	40	68	104	46	486	1000	40	170	16	50	322	1048	0	24	6	58	2	146	4	1388	22	26	6	1298	32	52	22	44	44	238	76	26	36	68	14	2	22	38	18	28	24	10	104	284	96	20	50	74	54	44	
159624	sub-C011_preop3T_AAL_2211	172	0	3656	32	17466	76	4564	8	0	58	722	0	1086	8	10394	86	6	0	14	18	74	14	126	4	10	38	524	72	278	36	6	0	6	0	914	950	1770	622	740	170	720	348	2174	160	790	246	1874	138	1268	138	438	0	16	0	334	8	26	36	86	16	50	0	12	2	42	2	376	278	22	8	3110	170	10684	290	2674	154	4640	360	0	0	68	2	638	20	432	2	726	46	296	2	86	16	24	38	70	54	74	8	128	10	12	20	36	34	24	4	18	0	80	238	34	12	38	60	30	22	
141540	sub-C011_preop3T_AAL_2212	8	40	26	4882	166	10342	14	4566	58	0	12	106	24	362	28	8276	0	0	22	322	12	42	154	1296	16	836	118	2820	10	758	4	390	4	44	308	982	128	2472	20	826	14	1780	152	1248	216	1220	106	780	58	928	22	240	0	12	4	736	32	34	56	278	16	2	2	0	8	22	102	1056	116	40	148	6734	160	6128	38	1316	310	2508	0	0	8	24	8	852	20	150	16	1072	14	100	38	18	20	18	40	182	50	12	46	134	14	10	24	30	16	24	18	12	144	248	50	40	32	56	64	50	
182248	sub-C011_preop3T_AAL_2301	11868	4	6172	1896	28	10	8076	222	722	12	0	18	14002	44	1316	18	5890	4	4582	1320	10	2	2276	594	0	6	18	6	4768	2	14	154	34	560	250	118	886	72	370	24	280	28	294	6	94	20	506	46	256	14	232	0	26	0	108	6	670	30	86	28	166	0	84	0	170	0	394	128	234	24	3386	576	6678	44	502	20	3378	324	12	0	502	0	1098	4	114	0	296	12	214	0	132	64	80	96	620	88	362	18	76	62	54	54	164	138	172	54	108	12	302	356	122	30	64	190	190	58	
185276	sub-C011_preop3T_AAL_2302	36	4126	156	7586	88	20	24	8192	0	106	18	0	16	13498	2	618	0	7060	66	5198	4	14	80	526	24	24	6	14	10	4676	6	58	8	6	38	148	62	1098	28	260	2	130	80	680	22	414	82	1254	42	324	38	74	0	26	16	342	56	388	74	208	32	1186	0	1810	24	608	54	504	70	64	128	1466	32	8354	10	622	314	4974	0	156	0	1900	0	1648	2	696	2	342	8	260	258	662	112	622	108	1216	208	82	282	796	72	60	148	416	68	316	122	304	628	586	404	142	324	630	524	130	
279732	sub-C011_preop3T_AAL_2311	1584	8	8234	1000	78	14	11674	54	1086	24	14002	16	0	30	12236	38	612	4	726	452	18	2	3406	506	0	8	34	12	15742	4	8	184	18	362	796	168	3368	126	1130	26	688	46	1354	40	594	44	1736	62	1724	28	1208	2	24	2	298	12	592	48	182	34	184	0	854	0	368	0	1092	126	238	22	6026	580	16290	74	3108	46	11630	500	20	2	396	0	486	6	342	4	912	26	404	2	598	178	312	302	1198	96	484	50	414	202	164	204	458	360	480	96	244	34	1190	856	218	68	276	502	454	182	
224472	sub-C011_preop3T_AAL_2312	60	934	458	7182	210	36	72	10420	8	362	44	13498	30	0	12	5352	2	784	100	3428	4	20	316	2676	70	68	22	18	20	5256	6	308	8	16	122	648	116	3008	46	960	4	320	124	702	36	412	120	2088	60	320	60	40	0	32	34	982	88	318	130	316	54	332	4	428	40	190	114	1552	156	76	286	5114	56	10160	32	1208	568	10412	4	28	8	562	2	664	10	88	6	1048	54	308	554	1174	188	1088	142	1984	342	100	566	1276	100	106	244	778	106	542	180	478	1206	766	542	234	664	1192	1046	188	
285848	sub-C011_preop3T_AAL_2321	384	2	1474	58	12668	34	1012	6	10394	28	1316	2	12236	12	0	72	368	0	42	28	2178	20	332	20	28	36	2940	30	13118	26	10	12	4	4	1106	740	2420	462	2232	102	1418	248	5556	182	1882	252	5356	102	4090	136	2066	0	142	0	748	12	282	36	186	18	116	0	502	2	282	2	856	292	40	10	2572	136	21526	172	3146	106	7028	310	28	0	1670	0	6412	20	1394	4	1178	48	548	2	508	100	186	212	532	44	148	28	588	120	80	152	256	232	208	46	104	14	734	590	90	36	194	312	228	112	
269732	sub-C011_preop3T_AAL_2322	26	244	96	3686	240	4736	16	1472	86	8276	18	618	38	5352	72	0	2	454	74	328	8	618	254	1706	14	186	142	2704	28	12786	8	620	10	74	644	1854	300	5668	32	2166	30	3608	250	2250	302	2232	210	1988	96	1732	48	480	0	18	6	1610	46	594	122	1194	26	80	4	276	24	158	172	2342	154	52	140	8574	302	19346	52	5496	662	9346	8	30	20	1516	14	5558	22	1082	16	2242	16	394	140	102	70	104	74	512	168	38	172	270	56	42	110	152	66	70	88	20	392	494	266	110	122	250	216	166	
89368	sub-C011_preop3T_AAL_2331	8480	4	1672	24	2	4	768	18	6	0	5890	0	612	2	368	2	0	0	3252	18	0	0	22	2	0	2	0	4	6308	0	0	0	0	0	0	0	12	2	6	0	2	0	52	0	4	0	38	0	76	0	60	0	4	0	6	0	2672	6	56	2	452	0	2372	0	30	0	2	2	16	0	38	8	3790	16	54	12	248	40	2416	0	3662	0	642	2	32	0	2	2	40	0	30	6	16	6	76	10	28	4	24	6	4	2	16	8	14	8	14	2	8	10	16	4	14	12	10	0	
113216	sub-C011_preop3T_AAL_2332	16	1550	2	3698	0	2	16	1774	0	0	4	7060	4	784	0	454	0	0	30	1614	0	0	0	8	0	0	0	2	2	9030	0	2	10	0	0	2	4	44	2	8	4	10	8	116	4	234	4	78	4	314	2	170	0	4	0	32	10	2442	14	598	0	1920	0	6388	2	236	12	10	4	0	4	34	6	6780	0	50	28	462	0	3212	0	4658	2	1766	4	182	4	8	4	58	16	20	10	18	12	112	38	18	20	26	12	4	14	6	6	14	22	4	22	60	46	16	24	30	16	18	
324524	sub-C011_preop3T_AAL_2401	9190	176	25618	9810	18	16	4710	1242	14	22	4582	66	726	100	42	74	3252	30	0	11610	6	10	5932	1212	2	20	10	8	430	22	2108	1660	11092	5088	980	420	580	86	240	62	112	32	608	190	56	86	738	202	84	36	70	0	0	0	52	44	928	84	258	56	42	0	10	0	54	0	3360	696	13808	188	112	422	2858	160	210	96	11924	1118	0	6	182	14	144	2	58	6	100	8	76	8	1548	610	888	542	3502	606	1348	146	1308	708	364	318	1094	614	1326	206	704	72	1380	1086	764	186	722	846	638	172	
387320	sub-C011_preop3T_AAL_2402	1034	1788	4948	47828	40	46	1520	4654	18	322	1320	5198	452	3428	28	328	18	1614	11610	0	8	76	2408	4126	18	52	20	44	46	124	1490	2450	4408	15708	470	558	452	1276	136	374	48	256	878	822	180	492	934	2238	220	370	142	28	0	24	26	336	234	3764	394	732	108	36	8	32	58	20	2172	2916	6910	9892	1496	2024	476	1410	116	158	4032	12952	0	12	10	60	16	288	12	12	32	300	20	14	288	560	170	626	604	2156	588	130	266	758	112	146	270	568	226	624	130	222	1298	2588	734	154	378	834	774	308	
90376	sub-C011_preop3T_AAL_2501	0	0	18	162	3826	0	0	12	74	12	10	4	18	4	2178	8	0	0	6	8	0	706	146	210	1020	462	5536	164	472	0	2786	472	758	108	502	126	206	58	2758	8	3750	22	348	26	36	20	368	14	40	12	16	0	0	0	52	8	0	14	8	0	0	0	0	0	2	0	334	100	126	24	3994	390	3318	14	6	4	78	14	0	0	8	0	4530	0	1092	0	2740	8	772	0	14	2	2	2	6	6	4	0	14	0	2	0	0	2	0	0	0	0	0	2	4	0	2	0	0	0	
81600	sub-C011_preop3T_AAL_2502	10	6	132	826	672	776	2	22	14	42	2	14	2	20	20	618	0	0	10	76	706	0	244	1138	558	2238	1600	3698	20	230	1474	2868	56	500	46	114	24	522	162	2548	516	1930	50	48	18	26	44	36	6	20	2	4	0	0	2	36	18	126	20	0	2	0	0	0	0	0	214	254	182	150	2860	5378	1012	1974	4	18	26	32	0	0	0	2	438	1638	204	28	406	848	200	8	0	0	0	0	2	2	4	0	0	2	0	0	0	0	0	0	0	0	0	0	0	0	0	0	0	0	
285352	sub-C011_preop3T_AAL_2601	138	26	34482	11168	4104	122	4398	62	126	154	2276	80	3406	316	332	254	22	0	5932	2408	146	244	0	11716	6624	964	560	108	710	8	11120	9452	5694	3126	2920	328	664	68	240	50	114	24	582	194	114	86	458	90	44	32	22	0	0	0	70	40	48	22	30	18	12	0	14	0	14	0	3272	724	128	54	2266	3456	1702	56	134	10	1820	150	0	0	6	0	96	2	96	0	212	16	118	4	94	42	50	54	274	26	128	4	62	46	30	38	88	74	66	28	40	10	144	150	70	14	70	68	82	26	
286656	sub-C011_preop3T_AAL_2602	16	58	8140	35176	4852	1050	880	1202	4	1296	594	526	506	2676	20	1706	2	8	1212	4126	210	1138	11716	0	3170	8270	2426	1310	68	70	1470	11934	246	4138	158	576	84	846	88	286	194	170	98	322	36	126	108	558	24	84	14	4	0	4	16	238	36	66	60	116	20	0	4	0	8	0	316	870	390	116	7140	11376	482	1574	48	624	480	2276	0	0	8	2	142	96	70	8	146	318	76	64	112	60	68	68	146	144	62	14	106	114	58	52	90	78	52	26	54	6	190	214	108	26	70	104	88	36	
119448	sub-C011_preop3T_AAL_2611	0	2	848	2006	9042	882	32	22	10	16	0	24	0	70	28	14	0	0	2	18	1020	558	6624	3170	0	5042	4448	1618	2	0	7052	1624	2146	64	1636	46	34	6	160	22	218	18	176	36	28	16	36	12	4	6	0	0	0	0	16	8	0	6	2	0	0	0	0	0	0	0	1548	156	80	16	5068	2712	552	30	46	0	36	2	0	0	0	0	202	14	96	0	188	12	92	0	0	0	0	0	2	0	0	0	0	0	0	0	0	0	2	0	0	0	0	0	0	0	0	0	0	0	
219252	sub-C011_preop3T_AAL_2612	92	20	428	4198	5080	10824	6	94	38	836	6	24	8	68	36	186	2	0	20	52	462	2238	964	8270	5042	0	5950	9710	32	10	1514	2936	74	172	178	956	152	1380	238	410	516	434	126	308	52	204	160	310	66	166	60	28	0	0	22	344	86	100	64	136	30	0	18	8	32	0	174	1046	216	78	9142	15950	1100	5784	144	2862	676	3196	2	0	26	2	408	270	170	50	390	518	168	108	36	18	24	18	40	38	58	2	38	38	16	16	36	46	10	34	16	10	130	198	74	30	30	66	76	72	
194724	sub-C011_preop3T_AAL_2701	16	2	252	1648	13682	1096	6	52	524	118	18	6	34	22	2940	142	0	0	10	20	5536	1600	560	2426	4448	5950	0	3934	560	26	1910	576	646	76	1230	978	668	624	2038	124	3394	376	1162	148	170	178	1102	108	290	100	68	0	12	0	102	4	46	18	12	0	16	0	18	0	12	0	616	250	186	18	8220	4762	8100	502	1124	244	1120	124	0	0	34	0	4224	38	1690	2	2700	54	1276	0	30	6	2	10	24	24	34	6	38	2	2	0	0	8	6	2	2	0	2	12	12	4	6	6	2	4	
250612	sub-C011_preop3T_AAL_2702	70	6	114	736	2714	14864	0	8	72	2820	6	14	12	18	30	2704	4	2	8	44	164	3698	108	1310	1618	9710	3934	0	24	926	290	348	26	80	236	492	158	3728	174	3948	448	7516	426	2948	386	1750	280	2250	84	1114	42	204	0	20	16	2074	72	84	38	64	18	0	12	0	28	22	138	450	168	52	5204	12952	1378	15348	114	1716	532	1312	4	0	28	68	352	5022	182	438	358	3328	164	66	14	28	8	2	26	14	40	2	16	442	6	2	12	6	6	4	6	0	24	66	22	24	6	18	10	14	
245448	sub-C011_preop3T_AAL_3001	3714	6	1118	112	2810	16	616	12	278	10	4768	10	15742	20	13118	28	6308	2	430	46	472	20	710	68	2	32	560	24	0	10	6	42	2	6	468	174	1704	128	774	22	1134	50	1760	52	646	54	1840	46	2312	34	1652	0	36	0	216	8	1662	24	194	14	252	0	2026	0	432	0	514	84	164	8	1642	116	24758	64	2466	36	7088	234	1730	0	3396	0	4128	6	666	4	900	18	388	2	422	96	214	170	616	40	146	32	306	96	104	114	296	208	330	58	128	16	770	400	104	34	174	252	254	100	
220708	sub-C011_preop3T_AAL_3002	12	786	8	312	74	1374	0	48	36	758	2	4676	4	5256	26	12786	0	9030	22	124	0	230	8	70	0	10	26	926	10	0	0	4	2	4	184	372	68	1744	16	552	2	828	124	1752	166	2108	66	1288	32	1978	12	798	0	12	0	580	16	1280	40	2554	4	386	2	3662	10	632	72	590	30	22	16	1252	94	30878	18	2606	198	3010	2	1324	6	5686	4	3450	6	540	2	422	0	388	54	72	20	58	26	218	68	20	60	240	16	12	42	66	22	22	30	12	132	156	128	38	68	116	90	60	
173256	sub-C011_preop3T_AAL_4001	10	16	5330	2430	2936	26	192	2	6	4	14	6	8	6	10	8	0	0	2108	1490	2786	1474	11120	1470	7052	1514	1910	290	6	0	0	9452	9886	3556	5364	848	136	82	264	118	150	68	468	260	88	84	160	114	10	28	2	2	0	0	76	56	16	74	22	2	2	0	0	0	0	0	5216	1516	128	140	2690	1556	892	84	2	8	78	26	0	0	0	0	102	40	56	2	190	64	56	0	4	2	2	2	40	6	32	2	8	2	2	0	2	2	22	0	12	0	0	6	12	4	4	2	2	0	
195144	sub-C011_preop3T_AAL_4002	4	40	8758	9374	2172	12	1180	88	0	390	154	58	184	308	12	620	0	2	1660	2450	472	2868	9452	11934	1624	2936	576	348	42	4	9452	0	826	8636	478	2124	26	166	82	210	228	150	40	396	74	32	30	234	16	4	4	2	0	0	6	84	14	100	24	14	4	0	0	0	2	0	1328	2888	172	176	3550	5228	408	182	4	12	242	266	0	0	0	0	180	86	104	2	174	152	110	12	74	40	34	44	134	40	52	10	70	42	26	34	42	48	44	18	26	2	74	50	66	12	46	44	44	0	
241280	sub-C011_preop3T_AAL_4011	8	458	3020	2962	1434	2	34	68	6	4	34	8	18	8	4	10	0	10	11092	4408	758	56	5694	246	2146	74	646	26	2	2	9886	826	0	11702	9436	1356	204	82	264	112	42	2	728	354	112	160	250	156	20	56	4	0	0	0	118	90	650	2854	6286	4368	14	0	2	0	4	0	22478	6956	3962	1962	654	106	448	16	6	12	96	90	0	0	0	0	30	0	16	0	176	4	18	0	0	8	0	6	26	44	30	2	4	8	0	0	0	4	10	8	2	4	8	28	12	6	6	8	8	2	
295420	sub-C011_preop3T_AAL_4012	68	232	2448	5754	42	20	190	6	0	44	560	6	362	16	4	74	0	0	5088	15708	108	500	3126	4138	64	172	76	80	6	4	3556	8636	11702	0	2586	6298	38	412	64	492	50	66	82	1208	224	96	8	870	30	10	6	0	0	2	0	312	3036	5456	7438	3982	18	2	0	2	2	0	15630	19004	5284	8152	698	1228	324	64	20	28	288	236	0	0	2	0	36	36	20	0	38	96	18	0	26	22	12	26	154	74	116	8	16	28	6	14	20	24	46	20	32	8	30	76	94	6	16	30	22	2	
600308	sub-C011_preop3T_AAL_4021	82	38	1664	466	3014	410	44	32	914	308	250	38	796	122	1106	644	0	0	980	470	502	46	2920	158	1636	178	1230	236	468	184	5364	478	9436	2586	0	41620	7480	9086	846	1062	506	2516	14370	13814	21488	15174	1800	3242	15298	7916	576	16	12	0	226	230	82	382	3830	2380	30	0	14	2	44	0	41706	33924	114	244	1264	620	3558	1886	506	1124	6328	2838	4	0	64	2	414	168	318	8	712	286	194	12	72	40	40	30	452	428	788	82	66	56	20	18	46	38	134	14	80	4	62	270	86	26	40	58	60	8	
632564	sub-C011_preop3T_AAL_4022	14	14	246	868	2092	1532	16	26	950	982	118	148	168	648	740	1854	0	2	420	558	126	114	328	576	46	956	978	492	174	372	848	2124	1356	6298	41620	0	6892	14728	458	2160	478	2712	12064	20470	20926	18108	1610	6920	14860	8998	562	20	8	0	50	1420	26	220	3722	1278	46	0	2	2	24	0	32528	44854	64	148	678	3910	3022	3894	416	1842	4264	8046	0	0	34	4	416	292	322	162	498	648	208	66	74	48	40	30	490	518	910	88	64	78	18	18	44	34	144	14	88	4	68	288	154	26	38	56	56	8	
411552	sub-C011_preop3T_AAL_4101	26	24	2528	532	2992	230	580	98	1770	128	886	62	3368	116	2420	300	12	4	580	452	206	24	664	84	34	152	668	158	1704	68	136	26	204	38	7480	6892	0	5098	18654	356	8516	802	11872	3712	6018	1932	11608	2018	3476	818	684	10	72	0	6442	80	68	172	758	186	98	2	24	2	116	6	10778	4500	266	52	5626	468	8206	874	1974	778	19728	2060	0	0	86	8	3722	88	2262	6	12092	198	4796	12	422	94	102	84	1304	332	2774	124	572	120	48	28	158	108	212	50	166	10	146	310	250	70	174	132	118	42	
578844	sub-C011_preop3T_AAL_4102	28	12	122	2216	1378	5090	20	136	622	2472	72	1098	126	3008	462	5668	2	44	86	1276	58	522	68	846	6	1380	624	3728	128	1744	82	166	82	412	9086	14728	5098	0	222	24098	180	12186	5044	13524	4400	7934	1374	19194	2126	4994	174	1768	6	312	14	18170	164	420	1412	1188	220	0	20	10	86	0	6032	13866	66	222	418	10324	1930	12244	168	4610	2850	20548	2	0	18	394	166	3442	162	1702	164	15966	78	4388	120	284	56	116	382	2524	706	474	146	1152	16	24	58	100	90	28	112	12	124	490	256	98	142	124	84	8	
329480	sub-C011_preop3T_AAL_4111	18	18	700	226	2762	72	160	48	740	20	370	28	1130	46	2232	32	6	2	240	136	2758	162	240	88	160	238	2038	174	774	16	264	82	264	64	846	458	18654	222	0	40	9358	68	8564	160	3528	182	13858	130	2336	134	1570	4	1160	0	15908	14	64	78	144	64	40	8	14	4	64	12	5510	330	340	38	2736	296	4128	196	886	158	7126	548	0	0	136	6	6584	16	3830	12	16462	26	8450	6	1286	144	128	146	2242	362	3136	264	1734	282	42	68	208	180	426	48	328	22	156	176	486	204	526	180	114	38	
335900	sub-C011_preop3T_AAL_4112	36	16	44	622	318	2706	32	40	170	826	24	260	26	960	102	2166	0	8	62	374	8	2548	50	286	22	410	124	3948	22	552	118	210	112	492	1062	2160	356	24098	40	0	28	12126	346	5974	518	2938	112	8750	158	2864	70	3652	0	854	14	22798	90	290	324	1372	130	0	6	10	46	2	444	6524	42	90	174	4776	416	6224	64	2026	796	6848	2	0	2	22	10	5308	6	938	14	12148	10	3656	112	326	48	120	182	2668	462	1316	250	584	30	30	40	90	46	26	110	12	240	752	544	202	160	104	66	8	
181988	sub-C011_preop3T_AAL_4201	16	12	326	190	4200	100	58	20	720	14	280	2	688	4	1418	30	2	4	112	48	3750	516	114	194	218	516	3394	448	1134	2	150	228	42	50	506	478	8516	180	9358	28	0	48	1128	112	668	186	2286	106	1002	130	156	2	12	0	1528	4	80	38	86	20	20	0	22	0	24	0	958	218	738	18	3032	612	6176	208	1418	234	4272	252	0	0	32	0	9144	12	2584	0	11424	20	2352	0	58	14	22	20	256	64	582	26	84	20	10	10	44	32	44	14	30	0	22	54	54	22	22	30	24	8	
233056	sub-C011_preop3T_AAL_4202	8	2	52	370	790	5938	4	10	348	1780	28	130	46	320	248	3608	0	10	32	256	22	1930	24	170	18	434	376	7516	50	828	68	150	2	66	2516	2712	802	12186	68	12126	48	0	184	1480	364	1094	200	2470	220	710	24	120	0	4	4	3168	18	342	282	92	20	0	4	0	8	0	506	728	40	234	250	3880	1054	12864	76	3120	1180	2250	2	0	4	58	50	10782	42	696	52	10228	12	244	26	14	12	10	110	512	200	22	16	84	10	4	14	12	18	4	18	0	22	80	32	8	6	20	18	4	
611520	sub-C011_preop3T_AAL_5001	80	14	1018	614	3768	464	168	46	2174	152	294	80	1354	124	5556	250	52	8	608	878	348	50	582	98	176	126	1162	426	1760	124	468	40	728	82	14370	12064	11872	5044	8564	346	1128	184	0	17536	30966	8902	34376	5086	19900	2610	4694	14	1894	50	6164	732	84	58	230	98	34	4	12	0	72	10	22910	12348	332	14	688	454	9416	1108	770	464	8766	1652	0	0	5482	36	5076	96	8268	144	4252	230	4204	194	808	130	50	76	1206	218	1924	72	1178	620	24	22	52	62	346	22	184	6	84	296	130	68	144	88	66	10	
659256	sub-C011_preop3T_AAL_5002	4	26	100	1124	350	3476	6	74	160	1248	6	680	40	702	182	2250	0	116	190	822	26	48	194	322	36	308	148	2948	52	1752	260	396	354	1208	13814	20470	3712	13524	160	5974	112	1480	17536	0	13986	43396	2198	32768	8414	19174	282	1722	10	2510	12	14982	10	76	112	74	28	6	4	8	16	10	13388	24804	16	48	88	1654	460	9592	96	2532	472	5044	0	50	30	6340	108	4422	98	7658	118	4622	70	6210	26	296	8	38	114	510	182	530	36	3172	4	12	12	34	40	18	20	12	32	116	116	82	32	40	30	8	
587252	sub-C011_preop3T_AAL_5011	62	16	280	266	1014	454	64	8	790	216	94	22	594	36	1882	302	4	4	56	180	36	18	114	36	28	52	170	386	646	166	88	74	112	224	21488	20926	6018	4400	3528	518	668	364	30966	13986	0	15754	9834	3596	38468	5936	8348	12	1148	0	3782	714	88	58	4512	202	70	6	42	2	70	8	28918	20882	76	34	362	296	3284	1020	2030	314	5450	1282	98	0	3662	6	1344	82	6912	124	2656	156	4412	72	222	84	66	78	1438	252	1418	96	366	114	34	46	106	106	378	46	190	12	48	298	338	72	112	116	98	14	
604716	sub-C011_preop3T_AAL_5012	60	36	70	630	472	2104	6	58	246	1220	20	414	44	412	252	2232	0	234	86	492	20	26	86	126	16	204	178	1750	54	2108	84	32	160	96	15174	18108	1932	7934	182	2938	186	1094	8902	43396	15754	0	484	13402	9754	42248	470	3588	2	740	22	9170	48	106	936	1224	38	16	8	18	42	132	13238	24644	52	58	138	1222	694	7690	190	4710	1230	5088	0	402	32	5724	166	3328	102	6342	202	4102	72	6676	46	98	24	50	158	1312	294	454	60	882	10	22	22	36	54	14	40	4	52	246	100	38	48	54	46	16	
483740	sub-C011_preop3T_AAL_5021	64	18	1262	672	3328	320	224	92	1874	106	506	82	1736	120	5356	210	38	4	738	934	368	44	458	108	36	160	1102	280	1840	66	160	30	250	8	1800	1610	11608	1374	13858	112	2286	200	34376	2198	9834	484	0	2674	4280	270	3798	8	3418	4	19744	1626	64	66	292	126	44	2	10	4	80	8	7372	1270	358	8	1204	492	9672	808	684	418	10538	1778	0	0	3506	26	5458	54	7278	42	7628	92	6236	84	2232	706	132	430	1562	508	9220	1092	9638	4132	66	90	166	240	380	68	318	248	172	552	1024	4164	490	206	120	56	
528204	sub-C011_preop3T_AAL_5022	48	350	80	2738	286	2654	32	234	138	780	46	1254	62	2088	102	1988	0	78	202	2238	14	36	90	558	12	310	108	2250	46	1288	114	234	156	870	3242	6920	2018	19194	130	8750	106	2470	5086	32768	3596	13402	2674	0	826	5782	126	780	8	3766	238	26104	114	886	598	1958	110	0	6	42	62	6	2662	11356	330	464	216	2314	414	9082	84	2748	1536	18208	0	4	12	1018	72	1728	64	1404	94	4254	68	2214	288	1258	122	396	490	8430	1518	7418	962	12362	50	96	132	280	110	62	242	196	172	1396	2170	1472	348	326	182	26	
579556	sub-C011_preop3T_AAL_5101	132	20	94	368	1596	126	24	10	1268	58	256	42	1724	60	4090	96	76	4	84	220	40	6	44	24	4	66	290	84	2312	32	10	16	20	30	15298	14860	3476	2126	2336	158	1002	220	19900	8414	38468	9754	4280	826	0	5460	27874	20	3116	0	4296	108	148	96	10874	166	2284	6	80	2	800	14	19460	13038	122	24	442	212	6458	400	2930	328	9108	1254	600	0	8488	6	2496	22	13360	22	2610	60	8432	14	400	158	98	136	2526	312	2330	122	522	188	54	84	160	174	636	76	286	20	102	434	586	132	214	188	140	26	
453936	sub-C011_preop3T_AAL_5102	58	54	34	462	268	1374	6	92	138	928	14	324	28	320	136	1732	0	314	36	370	12	20	32	84	6	166	100	1114	34	1978	28	4	56	10	7916	8998	818	4994	134	2864	130	710	2610	19174	5936	42248	270	5782	5460	0	338	14266	2	906	14	10862	46	108	758	5258	28	80	6	26	40	2332	6842	14096	52	56	110	920	432	6068	112	4360	902	4018	0	720	26	6752	116	2768	72	8060	140	3820	52	9396	50	112	24	54	98	1242	208	522	64	542	8	22	18	38	38	14	30	6	42	230	94	32	56	44	36	8	
311884	sub-C011_preop3T_AAL_5201	930	24	54	204	518	66	188	10	438	22	232	38	1208	60	2066	48	60	2	70	142	16	2	22	14	0	60	68	42	1652	12	2	4	4	6	576	562	684	174	1570	70	156	24	4694	282	8348	470	3798	126	27874	338	0	4	7182	0	6246	28	592	160	7798	270	8406	4	274	4	13554	8	882	424	50	12	112	202	3282	246	1104	236	5248	832	402	0	3948	8	1136	12	13842	8	2142	52	11658	0	378	194	106	148	1708	310	1362	128	534	230	70	68	158	162	306	66	164	36	84	192	498	128	200	164	140	10	
142056	sub-C011_preop3T_AAL_5202	2	108	0	32	0	252	2	120	0	240	0	74	2	40	0	480	0	170	0	28	0	4	0	4	0	28	0	204	0	798	2	2	0	0	16	20	10	1768	4	3652	2	120	14	1722	12	3588	8	780	20	14266	4	0	0	2136	0	9088	4	130	12	1200	0	320	0	116	0	6818	26	156	2	16	4	208	0	1590	0	818	30	470	0	394	2	2638	0	256	0	7278	2	1130	0	6892	16	26	8	18	8	132	18	220	20	80	2	6	4	16	2	2	8	0	10	32	16	10	20	12	8	0	
73856	sub-C011_preop3T_AAL_5301	368	0	0	0	42	0	84	0	16	0	26	0	24	0	142	0	4	0	0	0	0	0	0	0	0	0	12	0	36	0	0	0	0	0	12	8	72	6	1160	0	12	0	1894	10	1148	2	3418	8	3116	2	7182	0	0	0	7020	2	46	0	2	0	50	0	0	0	168	0	48	12	0	0	0	0	174	0	4	0	4	0	0	0	264	0	282	0	3004	0	1036	0	5210	0	248	0	0	0	0	0	2	0	512	2	0	0	0	0	0	0	0	0	0	0	2	0	32	0	0	0	
51824	sub-C011_preop3T_AAL_5302	0	18	0	38	0	24	2	26	0	12	0	26	2	32	0	18	0	4	0	24	0	0	0	4	0	0	0	20	0	12	0	0	0	2	0	0	0	312	0	854	0	4	50	2510	0	740	4	3766	0	906	0	2136	0	0	4	7652	0	4	0	6	0	8	0	0	0	8	0	12	0	4	0	16	0	96	0	8	0	96	0	6	0	58	0	34	0	892	0	172	0	4722	0	12	0	0	0	2	8	170	8	354	0	0	0	0	0	0	2	0	0	0	2	10	0	0	0	0	
361576	sub-C011_preop3T_AAL_5401	140	4	174	58	580	20	70	8	334	4	108	16	298	34	748	6	6	0	52	26	52	2	70	16	16	22	102	16	216	0	76	6	118	0	226	50	6442	14	15908	14	1528	4	6164	12	3782	22	19744	238	4296	14	6246	0	7020	4	0	1106	10	36	26	30	16	0	2	0	144	0	3216	84	64	8	708	32	1176	80	180	42	1502	200	0	0	806	0	1692	0	4674	0	11310	0	18516	12	5608	1096	326	766	366	552	6654	1508	19914	5060	742	372	1318	614	432	140	1182	306	220	148	1490	7194	3400	362	166	54	
455180	sub-C011_preop3T_AAL_5402	6	12	30	610	20	2384	10	60	8	736	6	342	12	982	12	1610	0	32	44	336	8	36	40	238	8	344	4	2074	8	580	56	84	90	312	230	1420	80	18170	14	22798	4	3168	732	14982	714	9170	1626	26104	108	10862	28	9088	2	7652	1106	0	8	42	108	144	22	88	2	72	10	162	262	4008	14	24	38	3038	36	4146	12	648	154	4872	0	40	2	412	2	1414	4	3084	4	11690	18	20398	164	3046	68	414	64	322	1864	4952	2558	14370	52	90	78	196	26	44	60	152	32	66	594	3332	710	122	20	24	
239880	sub-C011_preop3T_AAL_6001	23160	26	260	196	96	90	296	20	26	32	670	56	592	88	282	46	2672	10	928	234	0	18	48	36	0	86	46	72	1662	16	16	14	650	3036	82	26	68	164	64	90	80	18	84	10	88	48	64	114	148	46	592	4	46	0	10	8	0	2218	13816	1718	15552	8	6452	38	448	2	9286	1838	4862	1054	598	388	2898	248	660	246	5798	962	248	0	738	2	136	10	2648	0	50	62	2700	0	330	128	196	156	1440	264	758	108	270	160	94	82	380	196	474	110	190	18	108	200	458	78	166	278	268	12	
241748	sub-C011_preop3T_AAL_6002	52	12402	36	282	66	92	18	688	36	34	30	388	48	318	36	594	6	2442	84	3764	14	126	22	66	6	100	18	84	24	1280	74	100	2854	5456	382	220	172	420	78	290	38	342	58	76	58	106	66	886	96	108	160	130	0	4	36	42	2218	0	3208	11546	198	9372	4	10946	118	1660	5272	2880	1834	8676	142	1030	162	2814	108	784	1130	9170	0	36	0	254	14	156	6	144	28	136	10	54	330	588	142	478	424	2356	718	496	488	626	58	154	146	450	86	336	214	106	232	1082	716	238	428	274	166	24	
310588	sub-C011_preop3T_AAL_6101	1616	46	50	384	90	86	64	24	86	56	86	74	182	130	186	122	56	14	258	394	8	20	30	60	2	64	12	38	194	40	22	24	6286	7438	3830	3722	758	1412	144	324	86	282	230	112	4512	936	292	598	10874	758	7798	12	2	0	26	108	13816	3208	0	7346	15862	12	522	46	2720	4	27464	10148	494	1010	376	580	536	308	588	254	4902	1862	54	0	460	2	70	72	456	12	104	302	174	14	250	130	156	120	1222	518	1048	154	218	164	68	52	166	130	370	68	184	10	96	380	408	90	152	158	128	18	
283748	sub-C011_preop3T_AAL_6102	38	488	34	412	24	176	30	214	16	278	28	208	34	316	18	1194	2	598	56	732	0	0	18	116	0	136	0	64	14	2554	2	14	4368	3982	2380	1278	186	1188	64	1372	20	92	98	74	202	1224	126	1958	166	5258	270	1200	0	6	30	144	1718	11546	7346	0	822	8690	28	2454	216	8118	8966	19020	170	532	88	1772	74	3770	42	1752	1480	8640	0	786	0	2492	6	170	4	1800	8	68	24	592	400	546	168	394	730	3874	1058	866	498	534	78	120	184	392	136	78	278	48	370	1882	1216	252	478	366	204	30	
210384	sub-C011_preop3T_AAL_6201	9058	12	26	162	64	36	384	12	50	16	166	32	184	54	116	26	452	0	42	108	0	2	12	20	0	30	16	18	252	4	2	4	14	18	30	46	98	220	40	130	20	20	34	28	70	38	44	110	2284	28	8406	0	50	0	16	22	15552	198	15862	822	0	2	16234	4	11794	2	518	596	22	12	50	192	586	120	436	100	1990	650	58	0	1646	0	10	16	7718	0	18	66	3338	2	152	92	84	88	662	240	516	86	134	96	30	38	86	90	146	46	102	8	60	140	208	52	128	86	70	12	
138084	sub-C011_preop3T_AAL_6202	0	5488	0	62	0	0	0	3762	0	2	0	1186	0	332	0	80	0	1920	0	36	0	0	0	0	0	0	0	0	0	386	0	0	0	2	0	0	2	0	8	0	0	0	4	6	6	16	2	0	6	80	4	320	0	8	0	88	8	9372	12	8690	2	0	0	14412	2	16534	14	2	0	0	2	2	2	438	2	58	18	232	0	50	0	994	0	40	0	2902	0	0	0	1260	8	12	2	12	14	8	22	8	16	12	2	4	4	4	4	8	6	4	0	0	8	4	20	4	2	0	
117100	sub-C011_preop3T_AAL_6211	1824	2	14	18	26	18	6	0	12	2	84	0	854	4	502	4	2372	0	10	8	0	0	14	4	0	18	18	12	2026	2	0	0	2	0	14	2	24	20	14	6	22	4	12	4	42	8	10	6	80	6	274	0	0	0	2	2	6452	4	522	28	16234	0	0	4	2372	0	38	8	4	0	32	40	2348	34	542	46	572	96	1084	0	8134	0	42	2	8300	0	18	8	2464	0	38	22	32	22	150	8	82	6	34	16	14	14	30	28	44	14	30	0	2	10	28	12	28	22	28	0	
123564	sub-C011_preop3T_AAL_6212	2	3036	2	46	2	8	0	860	2	0	0	1810	0	428	2	276	0	6388	0	32	0	0	0	0	0	8	0	0	0	3662	0	0	0	2	2	2	2	10	4	10	0	0	0	8	2	18	4	42	2	26	4	116	0	0	0	72	38	10946	46	2454	4	14412	4	0	4	4754	48	14	0	0	2	38	4	3428	2	156	42	188	0	422	0	6096	0	172	0	1138	0	0	2	172	6	12	6	16	24	68	28	6	6	10	2	8	6	10	10	2	16	2	6	28	16	2	6	4	4	2	
108180	sub-C011_preop3T_AAL_6221	1106	14	32	92	46	34	246	8	42	8	170	24	368	40	282	24	30	2	54	58	2	0	14	8	0	32	12	28	432	10	0	2	4	2	44	24	116	86	64	46	24	8	72	16	70	42	80	62	800	40	13554	0	168	0	144	10	448	118	2720	216	11794	2	2372	4	0	2	164	136	30	6	48	112	748	134	464	138	2468	454	6	0	802	8	52	6	5630	4	24	22	2354	0	142	114	72	88	862	198	664	84	160	152	50	28	108	90	132	38	100	26	48	74	286	82	102	102	102	4	
138228	sub-C011_preop3T_AAL_6222	0	2670	0	42	2	22	0	3138	2	22	0	608	0	190	2	158	0	236	0	20	0	0	0	0	0	0	0	22	0	632	0	0	0	0	0	0	6	0	12	2	0	0	10	10	8	132	8	6	14	2332	8	6818	0	8	0	162	2	1660	4	8118	2	16534	0	4754	2	0	2	200	0	0	0	16	4	974	2	110	28	394	0	912	2	5934	0	80	0	9518	0	0	0	2292	14	22	6	22	16	16	26	8	18	12	2	4	4	10	4	8	8	2	6	4	12	6	24	8	6	0	
849388	sub-C011_preop3T_AAL_6301	58	190	1994	1092	1786	174	74	40	376	102	394	54	1092	114	856	172	2	12	3360	2172	334	214	3272	316	1548	174	616	138	514	72	5216	1328	22478	15630	41706	32528	10778	6032	5510	444	958	506	22910	13388	28918	13238	7372	2662	19460	6842	882	26	48	0	3216	262	9286	5272	27464	8966	518	14	38	48	164	2	0	45368	7358	3072	2588	778	2450	576	1058	406	9956	2242	20	0	230	6	592	90	588	28	2094	256	556	26	318	136	180	164	1728	546	1254	162	290	178	100	106	442	242	552	156	252	16	160	454	516	86	148	350	376	22	
817128	sub-C011_preop3T_AAL_6302	44	52	480	2498	626	1476	42	68	278	1056	128	504	126	1552	292	2342	2	10	696	2916	100	254	724	870	156	1046	250	450	84	590	1516	2888	6956	19004	33924	44854	4500	13866	330	6524	218	728	12348	24804	20882	24644	1270	11356	13038	14096	424	156	12	12	84	4008	1838	2880	10148	19020	596	2	8	14	136	200	45368	0	596	1860	482	6544	910	3506	244	1690	2312	14658	0	4	26	100	192	222	142	248	280	1136	142	262	230	406	102	242	560	2658	894	636	296	468	56	68	120	230	172	54	206	26	272	1272	818	168	272	234	154	30	
249260	sub-C011_preop3T_AAL_6401	7332	1768	1264	1646	436	80	576	104	22	116	234	70	238	156	40	154	16	4	13808	6910	126	182	128	390	80	216	186	168	164	30	128	172	3962	5284	114	64	266	66	340	42	738	40	332	16	76	52	358	330	122	52	50	2	0	0	64	14	4862	1834	494	170	22	0	4	0	30	0	7358	596	0	5544	1412	1230	2540	258	300	206	17510	1544	2	0	14	4	372	16	110	2	358	26	114	2	2162	1080	1246	782	4504	1118	1360	252	1818	1136	540	478	1610	876	1684	396	846	98	1736	582	886	230	1136	880	846	86	
135048	sub-C011_preop3T_AAL_6402	20	6926	54	394	34	42	10	46	8	40	24	64	22	76	10	52	0	0	188	9892	24	150	54	116	16	78	18	52	8	22	140	176	1962	8152	244	148	52	222	38	90	18	234	14	48	34	58	8	464	24	56	12	16	0	4	8	24	1054	8676	1010	532	12	0	0	0	6	0	3072	1860	5544	0	114	872	112	188	20	58	390	6098	0	0	0	8	12	84	8	18	16	96	10	0	98	440	52	440	182	1532	228	126	166	460	22	100	78	288	36	914	56	240	174	314	266	94	298	226	118	20	
360572	sub-C011_preop3T_AAL_7001	926	10	5134	6614	15814	2038	2146	486	3110	148	3386	128	6026	286	2572	140	38	4	112	1496	3994	2860	2266	7140	5068	9142	8220	5204	1642	16	2690	3550	654	698	1264	678	5626	418	2736	174	3032	250	688	88	362	138	1204	216	442	110	112	4	0	0	708	38	598	142	376	88	50	2	32	2	48	0	2588	482	1412	114	0	11864	8922	298	1570	88	13558	940	2	0	18	2	1716	90	806	0	3194	156	888	0	332	192	228	304	990	226	660	74	264	236	158	172	344	352	192	122	186	28	530	992	386	116	172	522	364	52	
517652	sub-C011_preop3T_AAL_7002	182	312	3194	11904	5342	13060	290	1000	170	6734	576	1466	580	5114	136	8574	8	34	422	2024	390	5378	3456	11376	2712	15950	4762	12952	116	1252	1556	5228	106	1228	620	3910	468	10324	296	4776	612	3880	454	1654	296	1222	492	2314	212	920	202	208	0	16	32	3038	388	1030	580	1772	192	2	40	38	112	16	778	6544	1230	872	11864	0	2102	18244	360	6090	2470	22392	4	0	42	74	424	2308	270	206	444	5212	256	876	260	134	170	210	462	1032	364	72	254	312	132	116	230	232	156	106	160	22	646	1410	414	136	170	388	312	164	
621716	sub-C011_preop3T_AAL_7011	4498	18	5872	1014	21904	262	1216	40	10684	160	6678	32	16290	56	21526	302	3790	6	2858	476	3318	1012	1702	482	552	1100	8100	1378	24758	94	892	408	448	324	3558	3022	8206	1930	4128	416	6176	1054	9416	460	3284	694	9672	414	6458	432	3282	0	174	0	1176	36	2898	162	536	74	586	2	2348	4	748	4	2450	910	2540	112	8922	2102	0	1000	13088	662	24620	1260	986	0	2386	2	7272	80	3610	10	5402	138	2732	4	1040	266	404	438	2564	242	1650	104	1054	304	176	276	624	506	924	128	388	52	1604	1580	436	136	496	714	548	316	
708232	sub-C011_preop3T_AAL_7012	226	1480	72	3462	678	17460	24	170	290	6128	44	8354	74	10160	172	19346	16	6780	160	1410	14	1974	56	1574	30	5784	502	15348	64	30878	84	182	16	64	1886	3894	874	12244	196	6224	208	12864	1108	9592	1020	7690	808	9082	400	6068	246	1590	0	96	80	4146	248	2814	308	3770	120	438	34	3428	134	974	576	3506	258	188	298	18244	1000	0	322	19758	2646	25290	20	668	84	5076	90	10828	118	1800	136	5986	142	770	824	1966	312	1744	306	3936	672	180	902	3038	180	210	448	1280	208	1158	314	832	2526	2302	1104	516	1106	1910	1828	850	
163052	sub-C011_preop3T_AAL_7021	690	14	738	220	4934	110	238	16	2674	38	502	10	3108	32	3146	52	54	0	210	116	6	4	134	48	46	144	1124	114	2466	18	2	4	6	20	506	416	1974	168	886	64	1418	76	770	96	2030	190	684	84	2930	112	1104	0	4	0	180	12	660	108	588	42	436	2	542	2	464	2	1058	244	300	20	1570	360	13088	322	0	438	11964	858	8	0	130	2	754	16	388	8	1206	44	436	4	686	190	342	362	1192	94	490	58	480	196	152	250	472	398	614	80	216	28	1346	1164	252	94	372	542	414	236	
234852	sub-C011_preop3T_AAL_7022	250	80	36	824	362	3834	6	50	154	1316	20	622	46	1208	106	5496	12	50	96	158	4	18	10	624	0	2862	244	1716	36	2606	8	12	12	28	1124	1842	778	4610	158	2026	234	3120	464	2532	314	4710	418	2748	328	4360	236	818	0	8	42	648	246	784	254	1752	100	58	46	156	138	110	406	1690	206	58	88	6090	662	19758	438	0	2490	12882	14	2	90	216	104	840	134	178	170	2306	110	186	248	224	112	226	142	1326	326	62	304	494	88	68	188	342	92	188	122	52	1216	1362	532	264	286	614	714	648	
830504	sub-C011_preop3T_AAL_7101	7544	366	7118	3838	7376	770	1326	322	4640	310	3378	314	11630	568	7028	662	248	28	11924	4032	78	26	1820	480	36	676	1120	532	7088	198	78	242	96	288	6328	4264	19728	2850	7126	796	4272	1180	8766	472	5450	1230	10538	1536	9108	902	5248	30	4	0	1502	154	5798	1130	4902	1480	1990	18	572	42	2468	28	9956	2312	17510	390	13558	2470	24620	2646	11964	2490	0	9894	74	0	488	32	1616	158	1582	30	4388	430	1630	28	6492	2568	3476	2776	20490	2478	12224	990	5514	2990	1606	1818	4792	3310	6204	1198	3044	276	6284	5588	4452	1150	3256	4092	3090	736	
817296	sub-C011_preop3T_AAL_7102	882	10562	320	18200	518	4028	602	1048	360	2508	324	4974	500	10412	310	9346	40	462	1118	12952	14	32	150	2276	2	3196	124	1312	234	3010	26	266	90	236	2838	8046	2060	20548	548	6848	252	2250	1652	5044	1282	5088	1778	18208	1254	4018	832	470	0	96	200	4872	962	9170	1862	8640	650	232	96	188	454	394	2242	14658	1544	6098	940	22392	1260	25290	858	12882	9894	0	22	16	118	458	130	932	178	538	202	5304	320	1292	2654	4808	1264	4430	1594	18570	3040	2194	2854	5306	822	716	1576	3518	880	4032	1346	1804	6708	11304	4426	1300	3420	4938	4756	1554	
25072	sub-C011_preop3T_AAL_8101	292	0	0	0	0	4	4	0	0	0	12	0	20	4	28	8	2416	0	0	0	0	0	0	0	0	2	0	4	1730	2	0	0	0	0	4	0	0	2	0	2	0	2	0	0	98	0	0	0	600	0	402	0	0	0	0	0	248	0	54	0	58	0	1084	0	6	0	20	0	2	0	2	4	986	20	8	14	74	22	0	0	3966	0	10	0	252	0	2	2	6	0	4	2	4	2	8	0	6	2	4	0	0	0	4	2	4	2	4	0	0	2	2	0	4	2	2	0	
29296	sub-C011_preop3T_AAL_8102	4	16	0	382	0	0	4	24	0	0	0	156	2	28	0	30	0	3212	6	12	0	0	0	0	0	0	0	0	0	1324	0	0	0	0	0	0	0	0	0	0	0	0	0	50	0	402	0	4	0	720	0	394	0	6	0	40	0	36	0	786	0	50	0	422	0	912	0	4	0	0	0	0	0	668	0	2	0	16	0	0	0	4456	0	352	0	46	0	0	0	64	0	0	0	0	0	8	4	0	0	0	0	0	0	0	0	0	2	0	0	0	4	0	0	0	0	0	
172380	sub-C011_preop3T_AAL_8111	1268	0	96	26	114	34	28	6	68	8	502	0	396	8	1670	20	3662	0	182	10	8	0	6	8	0	26	34	28	3396	6	0	0	0	2	64	34	86	18	136	2	32	4	5482	30	3662	32	3506	12	8488	26	3948	2	264	0	806	2	738	0	460	0	1646	0	8134	0	802	2	230	26	14	0	18	42	2386	84	130	90	488	118	3966	0	0	0	6406	0	20780	0	66	8	656	2	92	8	8	10	104	6	80	4	140	6	2	2	10	12	40	8	16	0	4	8	30	8	28	10	12	2	
